-1.0329772958881205 0.5648817938317544 0
-0.7006005971235134 0.8021118937756263 0
0.0755011374234675 0.4232530853503801 1
-0.7350265003959366 0.02062962247594151 0
-0.1406606297349738 0.24662536097898605 1
-0.4435284986640748 0.9246160825387768 0
1.6699042469342094 -0.1301974420531231 1
1.8718029239230827 0.36887615769386306 1
0.08394783145289943 0.4095973967337618 1
0.9421722940177493 0.6227591750961989 0
0.8643851668091522 0.26540414493807724 0
0.23017635534599132 -0.1404096881467519 1
-0.7806501504436636 0.8081001705251173 0
1.9834365855599592 0.3206464061593939 1
1.7024183529980152 -0.5339918193258075 1
-1.0593189130811453 0.6194235945131668 0
-0.42491163203326787 0.6671837246374975 0
0.3928757761865198 -0.32691778657468684 1
0.0707125270064683 0.2601401847536644 1
1.6680093186774385 -0.1089328179975397 1
1.7108660311792403 -0.19141257613351312 1
-0.4971189079141161 0.8028860787094155 0
-0.8340838303419316 0.19794884871365964 0
1.2960232509848348 -0.523056992854491 1
1.997214205165169 0.02346800920518155 1
0.550923461335516 0.6954845700607171 0
1.4342617783438132 -0.35058617838779393 1
1.5858823680935354 -0.023097688593253576 1
-1.1935145224326213 0.08767394589475166 0
0.010591241156415396 0.24191155515626026 1
1.9916373635923517 0.11986531289064709 1
1.9510082844759113 0.4192513967018798 1
1.8375950510545431 0.21003093576900506 1
2.0769406036947937 0.5539915834035644 1
0.7417766228430789 0.769698973893256 0
1.08307461241019 0.2825010752570939 0
0.22649596305122222 1.0378988201710304 0
0.10050830699522935 0.9878512383550287 0
-0.8034484196064412 0.5327852786737896 0
1.6740862139528325 -0.19231913230833478 1
0.7922934222842215 0.2520384445310746 0
0.2048978605269818 1.0054746808473665 0
-0.348357177139979 0.9133435053769994 0
0.9277307081398618 -0.4828159958250186 1
-0.3915020705603982 1.0125332793521757 0
0.426568688272276 -0.4061924075250343 1
1.1783129520535023 -0.6193553383106154 1
-0.3704253577834312 0.9123078201946869 0
1.0985994169611353 -0.23941157409555952 1
0.033470549979459197 0.15398558347867336 1
0.8112892051681548 -0.4741974788695429 1
-0.6836029415366682 0.7313133036115964 0
1.475259551414508 -0.3480012559639331 1
-0.7101092888675672 0.7480112961890659 0
0.04259095421498891 0.2059930506740777 1
0.28400138332631847 -0.326789873675978 1
1.8685057479503673 0.2306603337080316 1
0.4556019821611469 1.0713019719844743 0
1.032690810323449 0.05076979306324855 0
0.41571931325670014 1.0944645911754391 0
-1.1444381934066858 0.3216438901761172 0
-0.9776219542900664 0.3337751755393658 0
1.7907029783059585 0.13411975871529866 1
1.6313580902389755 -0.3218336973792226 1
-0.4471609729281685 0.6942953407352169 0
0.2936837733532448 1.0619513561259573 0
0.5922888398016047 0.7290472672160402 0
1.30468434093662 -0.40652467020358307 1
1.9391249172147325 0.02663066308428519 1
1.8293692082710256 0.43609626852640254 1
1.6288103306522257 -0.31684961654709326 1
0.6539608753697042 0.5948846744165428 0
0.8765425350382431 0.1542547748055426 0
0.07526795462874575 -0.28035052806650373 1
0.4397111906313665 0.9319663903154259 0
0.33812033688351284 1.027973483359303 0
0.5474955170381514 0.7407002414481517 0
0.3003957478969353 0.8591401124870259 0
-0.9597426088168883 -0.08985043858754138 0
-0.13273172655210785 0.41826897307668043 1
0.6987611647533809 0.4925473236292317 0
1.266407633831395 -0.30553617060344573 1
0.6084310479907901 -0.42884160414433237 1
2.017959729292031 0.049998638066550166 1
-1.0047778995584715 0.38591280571481434 0
0.29961423312789603 -0.10032315178806023 1
-0.04707218512610929 0.32849457181015823 1
0.9294272387875623 -0.11462002113493186 0
1.5556480755264166 -0.3114635979915156 1
0.24027298000081926 0.13564740660310778 1
1.3541292451248155 -0.5676002312125438 1
1.9545357697191812 0.0072403433674682605 1
0.21913931904830436 -0.29178479132948487 1
1.70423237888475 -0.17522525329933292 1
0.8291626023418179 -0.3939582347947157 1
1.4269307544960748 -0.6874749154893223 1
-0.24618439584784763 1.143639201565533 0
0.0010894597212562362 0.9000719725406694 0
1.0105529924447287 0.5631996143343924 0
0.4583648953094265 0.9756213266702786 0
-0.4369792361057789 0.9926888419764703 0
1.4943855210589623 -0.5344676910568341 1
0.7578619810898513 -0.5257349289163857 1
-1.0016885905132449 0.5878824170283803 0
0.7575069031103641 -0.27336146557929814 1
0.25167654304473874 -0.03392959174198362 1
-0.9599395361406102 0.399239095992596 0
1.1799856949744367 -0.40775914398246593 1
0.893237796580598 0.419336525041358 0
-0.1334491079634532 0.9297882933686885 0
-0.6602946915574812 0.7249626215589032 0
0.9168661581991449 0.14643907291535485 0
1.8771987571702042 0.3824693208769926 1
-0.8865400041132319 0.4008119034969871 0
0.8947391472527673 0.5669962688941361 0
-0.18998206956680824 0.9788326235691174 0
0.5541184566602207 0.8031256291217727 0
-0.49362689392502346 0.888831842324544 0
1.1576706105970465 -0.3054321606544923 1
2.113604738890846 0.3525038332634205 1
2.033777743478893 0.152452249984178 1
-0.9732619961349583 0.07921950749124562 0
0.030807306613127187 0.31726806950366454 1
-0.8225419304983056 0.14390475159649313 0
0.28597009460967016 -0.1583029582494475 1
-0.6104800167981083 0.6579760285692134 0
1.0578815847999514 -0.425504570812817 1
-0.06741939355983823 1.1168750456829768 0
1.612145876612401 -0.25979447877239686 1
1.9878040734174867 0.39914466076644534 1
1.0799688075824498 -0.6129062473495455 1
0.3513750114029269 0.9286910279900247 0
1.4968736815462989 -0.26668651663608195 1
-0.4892963829723866 0.9185850964980281 0
1.721150213169692 -0.22714596293324943 1
0.7499689271617043 -0.5349448930645218 1
1.041331308644731 0.10111009166899637 0
1.1318885034244586 -0.34111695419280896 1
2.18988700177973 0.3862368185323856 1
1.121234435497017 0.12761136816970173 0
0.48836814381975013 0.9607757984948615 0
-0.17954949758083755 0.24144204649632944 1
-0.8724735710113571 0.4094642692291329 0
-0.3032465949111707 1.0770593307570147 0
0.09521707479958808 0.35714631886625064 1
-0.20281418888763497 1.1107544159082854 0
-0.9246615647376274 0.44627786555839905 0
1.4278998082701504 -0.4291944558912881 1
0.8643576407820448 0.295550092507756 0
-0.26782332139529896 1.0282610864182558 0
-1.0658803471483282 -0.16615330549851703 0
1.0614993799874695 -0.5260327727341196 1
0.30233656597237196 1.063469120776676 0
0.8709829415927113 -0.3295686608984758 1
1.7071425657103108 -0.1695968238477656 1
-0.9552371121492169 0.5773699373462682 0
-0.5345040904716414 0.8821819974695718 0
1.771879248746243 0.23805960035170742 1
0.7195728928813725 -0.39747724009579816 1
0.9538983513493691 0.13193967000024437 0
0.7017462239695464 0.6586015106797363 0
1.3401274843208837 -0.3824097274644935 1
0.5663868089416373 1.0406190813471774 0
-0.8483467854435062 0.7789845777592126 0
1.7515221457733525 -0.010042995078753503 1
0.17205213739256447 0.09862389748230624 1
0.016041369970512545 0.01980761568890371 1
0.8654544025473303 0.273372686955764 0
-0.7379745606362502 0.6925029316573972 0
-0.048474196720987586 0.9968107419261688 0
-0.2454639712015125 0.8677255831994379 0
1.5313507493032041 -0.32077361655582876 1
0.7092176051082024 0.6906949710359014 0
1.8763940971645658 0.12077140581142116 1
-0.8616556133214983 0.48831408706902524 0
1.4258392876776482 -0.48549867559928245 1
-0.6649418042654358 0.6442806246341832 0
0.6446015657336851 0.4983386550214055 0
0.15261738237667058 1.0808153192321386 0
0.7886868104203177 0.6224065898783814 0
1.6085863062769892 -0.26272967467263314 1
2.152458557323357 0.43739915755269293 1
1.0488450808695784 0.08694078201407551 0
-0.9105665293920169 0.24117826465912 0
0.5859642181972744 0.6078468081455045 0
2.1500120016583923 0.21507314586417892 1
2.0359678838991333 0.15225404301440423 1
-0.48490765966616 0.9213639265633863 0
1.6820603713426614 -0.17660970352586122 1
0.4167083496594458 -0.2781196831199462 1
0.5991199926166537 0.7262068159381097 0
0.2993151382525837 0.8075563420164489 0
2.044692665081624 -0.048319908090951894 1
0.4483041273925372 1.0240550362056708 0
-0.4074509362227093 0.8174653472956271 0
0.06968087466892359 0.9802222961473296 0
1.6845543082210865 -0.13165592143892368 1
-0.6057791894210607 0.7913589443426604 0
-0.7486595116668139 0.4876688789780059 0
0.04526663803451513 0.26181885771025565 1
0.5281130392828398 0.45189602109363936 0
-0.9739028406337148 0.07329866192199867 0
0.22547433676289746 0.3585158228677615 1
0.11039584625183364 -0.02616219849959084 1
1.774473671789114 -0.24422659048280104 1
0.9183687307183782 -0.5028711891370591 1
-0.8093411328195422 0.6214638706237752 0
0.2981302249847879 -0.08319650581861507 1
-0.10113814174983811 1.1690453480632612 0
-0.8315603274159634 0.12879644203500462 0
-0.8407221583215312 0.037354124505720114 0
-0.012784386331662609 0.1844893869972944 1
0.9671629606587456 0.10097161697868395 0
1.6819806367538357 -0.4433460038102473 1
1.4040695461686619 -0.5031102528088971 1
0.640386757600587 -0.41540964946228826 1
1.487635808799583 -0.30516215542821584 1
0.2682210442556183 -0.003102330892592986 1
0.9053207375951647 -0.5431987506675282 1
1.0155685790799764 -0.42770657929255496 1
1.2448122608510563 -0.4654613752501022 1
1.1009790365783714 -0.39378225357977614 1
1.0314421650763288 0.11255473588954756 0
1.9264634074808 0.44467866052650684 1
1.431024039279623 -0.4112284824053319 1
0.3135002297711655 1.026940187602125 0
0.5119842622023895 -0.2922315774463349 1
-0.8510638173778988 0.4214459996346591 0
-0.10597558501623591 1.1397832356501045 0
-0.4969597109810012 0.88836789136343 0
0.036556817011367204 0.2755849351755858 1
0.1492611218021996 0.12425071378075836 1
0.7628469387997531 0.5612601249947613 0
-1.1071128140683126 0.05848812652258314 0
0.9477395198924052 -0.525553868228304 1
0.8868055425245605 0.5082765487791988 0
0.48761777169452847 0.8167792848579796 0
1.1508892764712146 -0.30364301842040586 1
0.5467262404072767 0.8672094757744797 0
0.8006679082868414 0.5279169881388561 0
0.7808627514778805 0.2580841553124118 0
-0.9277977776923421 0.38505042727664235 0
-0.09190220438501959 0.10896698398845518 1
1.7116248407198364 -0.2263958288265407 1
-0.98351615349582 0.4697029952178187 0
1.7696087691980917 -0.18108317880920252 1
0.8559669968449922 -0.47813781897553703 1
-0.035717145982971155 0.9665186859708035 0
-0.9612587071421141 0.3976648821780945 0
0.04529321205128237 1.1675685433723506 0
0.693419759844371 0.7243128129609703 0
1.6512234449077192 -0.00401183274679448 1
1.4626862806296717 -0.32408137204690796 1
0.930542916332869 0.17508759740896349 0
0.281138932089343 -0.016096527243502246 1
2.0683789464651343 0.24896520819204349 1
0.8074902892106177 0.6567381810609293 0
1.2489517936867065 -0.5946668429929436 1
0.717334299590001 -0.37673500272077604 1
1.2929282793620427 -0.37395042751711405 1
0.27725823930957366 -0.0858223807183172 1
0.1576935461712527 0.9243601509703194 0
0.197617125524565 -0.4090133419975023 1
1.2001168096885952 -0.56592733490781 1
-0.5189615223375939 0.927998181813771 0
0.6987534508723056 -0.5916711777873324 1
0.641858832451961 0.4947287666973336 0
0.5641778467573328 0.7829423219925489 0
1.9920231404251876 -0.11390429251656556 1
0.7179896251496597 0.7002656470277574 0
0.960472863393641 0.29303731152013696 0
0.017714757181554776 0.2542431169450995 1
0.20308806143667557 -0.24204882882464734 1
0.25560756982639077 -0.010004607895492325 1
1.8903248072422068 0.0683961836225953 1
0.7903413912728237 -0.5115158104906935 1
0.4354877659315176 -0.1844652975229661 1
1.7644039755655856 0.6172841915822393 1
0.3144719679013169 -0.272237405781667 1
1.0226934638875762 0.052426338505255465 0
1.9310421695533102 0.039742686394222834 1
-0.1422294075954033 1.0047928675970184 0
0.8986220130657646 0.334949237084882 0
2.0956749991754213 0.24221395285121072 1
0.2916870836103277 -0.19637100424875287 1
-0.5515779559342127 0.9304783042107696 0
-0.7425872532611193 0.763598624851606 0
1.2802416778711025 -0.4060861051161162 1
-0.5955700407697411 0.7641442181235265 0
0.8702476839840846 0.5475454396459067 0
2.08430387759431 0.2642078506874138 1
0.5442118983970139 -0.40527479893994867 1
1.6965221160523756 -0.22461545872899563 1
0.6825900330458881 0.8558083738257949 0
0.393537489377446 -0.31978631174214445 1
0.4637556328370534 -0.23917663750240442 1
0.868111840978392 0.7641454144879745 0
0.12245800068080603 1.0354530323633582 0
2.0079032693493666 0.32173066981246484 1
0.191206660167463 0.951190697291169 0
0.7385768606516958 -0.5750793519427707 1
1.3091985823247205 -0.5641661189080319 1
0.7376650320182937 0.5153345777608849 0
1.8461435871407879 -0.005798696108598483 1
0.17877855700957504 0.31575417311613735 1
0.5235939401937931 -0.5218425085247385 1
1.8824995189826987 0.11679867988030024 1
0.2381616140190195 -0.16506949484320127 1
0.9687094948418364 0.26113005809161144 0
0.6314076445722886 -0.420744912561257 1
2.099602322809817 0.5417993627556965 1
-0.16687738532001675 0.9606581724120383 0
-0.18055921539287761 0.9539662241373068 0
1.119120649622095 -0.4221279579861892 1
0.6779699885607422 0.4627996961759513 0
1.3703901359143937 -0.4068234589146539 1
1.8911670831848468 -0.06801087109234055 1
0.9808656785799632 0.04815102246776584 0
-0.696228230408782 0.7162772192163376 0
2.0279651563202115 0.1453407169403438 1
0.1663305237889442 0.5514173859370036 1
0.6342432079423896 -0.30455018191378547 1
0.06549541969825914 0.16841555392925905 1
-0.8896530981304456 0.3585541065483595 0
2.051438909254954 0.17325363427814694 1
0.8813618502354815 0.3741163078901808 0
0.6319777898214516 0.9543971526988421 0
0.7734304447825529 0.6305294002694473 0
0.7881092984955235 0.5911685907629933 0
0.04744472086572765 0.16294424842142174 1
-0.03321915051768356 0.33096772618923004 1
-0.19769107127452787 0.8359081114273075 0
-0.5377903826437395 0.931219362694722 0
-0.6810586125959681 0.6975128816280007 0
1.1838367298910966 0.46598665092781744 0
0.7371850365920409 0.8594019426457257 0
1.2970266572470308 -0.39768525463907245 1
0.05033414202046218 0.9176073636583414 0
-1.1634312047928974 0.18614588228967985 0
-0.6614841663161369 0.6491952474508136 0
0.12514411392001148 0.2829465516223011 1
-1.0820097031558753 0.15876891318750147 0
1.0309628776704642 0.16668116750752898 0
-0.9074037523926934 0.6098918898412709 0
-1.005192240386468 0.08590661939214453 0
0.374099688826972 0.9860162714229537 0
-0.6538801124019042 1.0138831628819192 0
1.5446030817466314 -0.2752751051754282 1
0.23280701897008077 -0.15577769190866456 1
-0.7418801343559565 0.7455026336828259 0
-0.27467491391520615 0.8811096775298827 0
-0.5728894594564251 0.8550337288841122 0
-0.02774793646217365 0.48733030587601034 1
0.8133611712330584 -0.5053682625430131 1
-0.5457861659623598 0.5582092957231287 0
1.5878381156560495 -0.23342453311518263 1
0.5087268922213544 0.9354595563799605 0
0.14133120309200953 0.8103326895594977 0
0.4797198384123816 -0.45549212349724455 1
-1.0237864926775608 0.5251157217960205 0
-0.005629175114405754 0.9536877113366622 0
-1.045827449476354 0.2526827087194715 0
0.40318029984277604 0.6742605479327555 0
0.30158130733865596 -0.12310448004864796 1
1.1564006465821637 -0.4893405420631924 1
0.2481169476723274 0.19482981860560117 1
0.07686098256845394 1.0414775678236683 0
-0.3217293671771104 0.9009030167329038 0
1.6297375857369814 -0.22609694893085552 1
1.0629935221661777 0.11013085669469239 0
0.39089515953815523 1.1167345016792405 0
1.4887159189555597 -0.2795843589953223 1
2.0663342954500665 0.49516501066777213 1
-0.43618914420750504 0.9635481734175729 0
2.04477326009454 0.20978793886891972 1
0.37360525154042085 -0.20237850658159778 1
0.7490158102902013 -0.2856687442263289 1
-1.0310972816811668 0.3434164962566324 0
-0.20682624449228848 0.8775096426420391 0
-0.4292252091067285 0.954848325512684 0
1.4020797859385556 -0.3425675534411232 1
1.6884465143673657 0.015718482974015624 1
0.6353577477294983 0.7557006181420551 0
0.7580217658392688 -0.4588366356344002 1
0.1867987800134479 0.09226462817038356 1
-0.1308979615668987 0.8041664954400781 0
-0.10241076582221287 0.9810733631446446 0
1.8489092144143713 0.2717051653591436 1
0.5464385138681439 0.7749148620637253 0
0.5839046848420588 0.9419252421036237 0
0.5722016422562265 0.7760404648726223 0
0.08931764544973007 -0.032982485529124236 1
1.9785892182768268 -0.21922011394792357 1
-0.3573822818412452 0.9268539819270887 0
0.8932949087085583 0.4212222540662352 0
2.1167522558667464 0.42026938666207075 1
0.06940468123688208 0.9073467320461704 0
-0.037382519719203325 0.9869132053454269 0
-0.3803201103470839 0.7778606661956227 0
-0.39496503152632695 1.0556742684907885 0
-1.0802981312038542 -0.08331041065434297 0
0.7546073968074929 -0.469392514284128 1
-0.12766080867631996 0.26313504409984234 1
1.4699007976214102 -0.3533311684498541 1
1.197913561855846 -0.429455432130766 1
0.8445275715866691 0.49590704225749405 0
-1.1651379256153056 0.2527313127445922 0
0.34562093807959665 0.9061693773698531 0
0.765618029085409 -0.510610247849406 1
-0.0024697156216183583 0.08653445350991089 1
0.35836906892997955 -0.10177958089529296 1
0.5711073606521324 -0.3001608485271505 1
-0.8369172283724042 0.27240961605326297 0
1.8830866042721857 -0.016972043220077657 1
1.5907499329849224 -0.07342725635711567 1
-0.6697125836289962 0.7390391116177593 0
1.0900972316102109 0.5234698619210258 0
-1.0406707413509746 0.24848304487368444 0
1.5408365184005464 -0.2482026602205572 1
2.083629589922911 0.14480762910097 1
1.0514225927876653 -0.4909224832548085 1
-0.09990245650724328 0.92679115487608 0
-0.5879966654898211 0.8052288351491875 0
1.859332793138629 0.47432153714135716 1
1.326079331628551 -0.510624453956956 1
0.46701895835816093 -0.21399393320869853 1
1.194332899423296 -0.5696308323321615 1
1.2362344400333005 -0.3814107779360385 1
-0.988400779064035 0.2514514963770934 0
-0.9355842869518142 0.4664890330772998 0
1.9016171457011959 0.14905632033815946 1
1.536233862919571 -0.23905128321145652 1
1.1355760056409747 -0.3618780163042259 1
1.0237498471986064 0.3615971445348919 0
0.22922949717062208 -0.3540488535889715 1
1.1208607924621816 0.46788117299015786 0
1.605241423075594 -0.21489905458072078 1
-0.8635889422723353 0.6525725123580872 0
0.9475750283940083 -0.4934088072916334 1
1.8310194784634315 -0.2611252890544108 1
-0.5447669867036037 0.7808894032653978 0
1.2445752033016773 -0.5818093144616784 1
0.08240135321769994 0.8757009864956369 0
1.0052557352901523 0.3007335998198426 0
0.03951824342050664 0.18005972690124217 1
0.07024256247911169 0.02249729888830654 1
0.20804481113631954 0.9084944494101109 0
1.0200736420811327 0.0696128376535159 0
1.5538313553278118 -0.35750862427302216 1
0.9921811892240882 0.2868081674592349 0
2.0651553965477336 0.05926943106897077 1
0.21600344765635604 0.18021272684388145 1
-0.5921204526630084 0.8332325009982794 0
-0.8405103619086459 0.37081060945988814 0
0.8128296973727477 0.321026058296946 0
0.47176834648004884 -0.30342989059939884 1
-0.02555174910891636 0.12053470011637041 1
0.41785683082500996 -0.43142925719359554 1
0.9569873206064533 -0.5842183280532056 1
-1.0359708981728495 0.21315517120554947 0
1.7421428405214863 -0.05034017936430146 1
1.4409605258657725 -0.3181472643019412 1
0.5986554251054189 1.0177303987182351 0
0.7667054724031742 0.36189979087052077 0
1.7678930975396938 -0.030153984838937914 1
0.3175479774384483 0.05808622404766728 1
1.9045692802231424 0.545785921391786 1
0.00469360767356194 0.3536487073077007 1
0.2376623394679365 0.09291625535522735 1
1.1458468188417223 -0.5442439176924786 1
1.0724780236756741 -0.5493912512705144 1
1.5558044096776589 -0.3713112949189452 1
1.0834792648090332 0.2712938768483785 0
1.7634281917051322 -0.5882514578915454 1
-0.4926590395754661 0.8605967560482529 0
1.040841690322668 -0.6765466762596972 1
1.9999913206352689 0.1977855661230012 1
0.7269051978929464 0.5384204998987125 0
0.7534614085784074 -0.3976611468718235 1
-0.5414382864628406 0.7750349309145573 0
0.9262087938919702 0.006938346529400884 0
-0.7210753585036471 0.5543528391473549 0
0.9867898733587562 -0.4307037369614666 1
0.2872718003653637 -0.10984898374289491 1
-0.6687513652765594 0.8524550280223852 0
0.07284331715434153 -0.14564751808196658 1
0.9023268714431902 -0.3805287383640057 1
-0.008911823017856476 0.8196930416655585 0
0.9277760451482802 -0.46223230161672896 1
2.1197054346657564 0.3240794150347904 1
1.357069204224845 -0.4179651078674411 1
-0.9888564279958394 0.29147281956496507 0
1.3912089659028892 -0.2863800332387251 1
-0.001111622409188447 0.6635408278712382 1
0.08931432648623125 0.9825098891899132 0
-0.6833063729252773 0.6984762424525844 0
1.6458955471902832 -0.14791935777411308 1
1.5850653598988231 -0.32571964140061804 1
2.0437871145327806 -0.021289828768571877 1
0.9878935718768652 0.17280839243401377 0
0.9878227708002258 0.18052757863209934 0
0.15952239588362607 0.14968483410687344 1
1.2569604256484357 -0.31755170811081407 1
-0.9464215291981806 0.14239006624269898 0
-0.2148783033462765 1.0119891472101177 0
0.19795594693912955 -0.11314690467320726 1
0.42681558505963535 0.9433783021537092 0
0.47416023291958154 -0.6032971597478582 1
0.7615209467191189 -0.4378046846893176 1
-0.3706128039150544 1.0457217580157923 0
-1.0079473628073237 0.41916820386631815 0
-0.8402199810830921 -0.0130269456314118 0
-0.08104876007317259 0.8824905678967938 0
-0.10017569749098405 0.41559289472617755 1
-0.16611422856317404 0.924629092137193 0
0.7957727644997779 0.4185721290257647 0
1.0691217851260628 -0.7201040326428056 1
0.05663331345396286 -0.05911651824986604 1
1.9814268042071426 -0.034321768574835 1
0.006747388140503359 0.30577100299773197 1
0.8413284111023115 0.5992540863191982 0
-1.1267266220672834 -0.04392050775756036 0
0.25510619606989954 -0.2128061032918974 1
-0.7773971300399318 0.5282936023276693 0
0.34988763615423524 -0.10983667952052714 1
1.7714774467087486 0.05698634613923681 1
0.11436190141362976 -0.2251199122292683 1
-0.6587953038460977 0.559923135376084 0
0.016232776254702597 0.9466483190766406 0
0.8810521501182473 0.344515088539195 0
2.187723597787509 0.3907113199713603 1
0.614167203971423 -0.3573836537904531 1
-0.6917170607322191 0.5462874649392905 0
-0.8280082681941568 0.6750849879241159 0
1.7162918968065974 -0.17722609737981027 1
-0.22793998076041055 1.1258252266840798 0
0.9444774384658448 -0.4724154715650498 1
-0.823791643291889 0.6057250271542005 0
0.44571503595185036 -0.3088742416265159 1
1.9337234698556012 -0.38664642823134326 1
0.7872493212220169 -0.6160837877368972 1
0.2536332518038716 -0.3024717765372212 1
-0.5500101354595658 0.8306079244231314 0
-0.02689045669857902 1.2399643629669344 0
-0.8853023623022473 0.745271151852291 0
0.9118483763205478 0.8289479388445393 0
-0.0405763439603308 0.41564565973149453 1
0.3551515640068106 -0.344971845305417 1
0.7978718578667867 0.31818055446427324 0
0.197254247669445 0.07614163564468684 1
2.1214436962301346 0.5356567951594413 1
1.8847592961574118 0.45892741462983266 1
0.1744518481796355 -0.06274775628738247 1
1.3233608431066732 -0.3930465968991496 1
1.3912108820009317 -0.38916178367648874 1
0.0028873257035807315 0.33921625012126005 1
-0.6268577961335257 1.0035330188923441 0
0.9562532734896733 0.2843529411430241 0
0.685037570035745 0.608166816298814 0
0.08490412790086803 0.9675482349770905 0
0.3144481789638838 -0.11379370179393733 1
-0.02502028578809458 0.08126477186360505 1
-0.9038842403613322 0.18804004792540382 0
0.46717995532506185 1.0984899949433709 0
0.41440427774861205 -0.3172627993404934 1
0.9265959542274143 -0.5432560134459167 1
0.4654899497709343 -0.39446686249652435 1
0.8992363881452408 -0.3285903137700721 1
2.0431678455690396 0.45234912161024377 1
1.6090144187028277 -0.35135175793985834 1
0.490882160947534 -0.30181865129404095 1
-0.9666873198867926 0.5683638397296135 0
-0.674363971963887 0.7151942135322236 0
-0.9165891197376943 0.441135033237003 0
-0.9116769941461444 0.4237712345753625 0
0.18611893097530108 -0.029878653572230074 1
0.7933409803383525 0.8833748662319586 0
0.21581354588521456 -0.19788525718123845 1
-0.20021458721114915 0.7775407011443202 0
-0.8909914166881614 0.33394936078532855 0
0.007259598002151875 0.41034741555699633 1
0.5459003620188101 1.003243900090149 0
0.1385323940496595 0.1096308523622721 1
0.10274178278505626 0.3757186983025061 1
-0.8670243462752546 0.09442126631682421 0
0.06584266253805231 1.0822991172954028 0
-1.1106595587836325 0.3550272533350096 0
1.745596669421191 -0.3799620039549689 1
1.0479406829272593 0.24908163485897483 0
0.08388172525408019 0.4347852848335225 1
-0.8519381555598855 -0.0836448794076074 0
0.45837309545680033 -0.3285467711155864 1
0.6963605241330415 -0.2065946532125669 1
1.3911395197666059 -0.41274615923093816 1
-0.04218909025436675 0.2942361442005086 1
0.23817652074493462 -0.2598658389340131 1
1.7018371772914764 -0.10871487769924035 1
0.4334620396837924 0.8867047471421747 0
0.9046486755593406 -0.06129566793302472 0
0.8878173695045753 0.45846439930281313 0
0.8328295204568944 0.7348741265704701 0
0.05372843576011333 0.353355423404729 1
0.20902722872202545 -0.24019379808443878 1
1.6340566439911433 -0.0887755310432201 1
2.0477901791501374 0.24411573957105606 1
1.9309000278703767 -0.14220289970229213 1
0.07397646245631834 0.01078744542931731 1
1.9078290380864606 0.26095491447457486 1
1.0000372989736583 0.012478107880378016 0
1.0333533299105282 0.007396088357171725 0
-0.8618370168696756 0.4179224048703416 0
0.5336954752624814 0.8155899860056597 0
0.0031433100373353673 1.0811655640162756 0
0.979919568028941 0.6194603176050075 0
-0.6195412433809573 0.9912989423980085 0
-0.16211819935386065 0.9104038912002776 0
0.42246982212954215 0.9450811148184077 0
1.8414190732128648 0.017388124914425686 1
1.0017925138030759 -0.5475468216430033 1
-0.011116430220744586 0.872844349992333 0
0.931680843002031 0.15401820632665725 0
0.26358725469861183 -0.03344141340107198 1
0.961684423552787 -0.020303807180576755 0
0.48552400064841306 0.7945243682756286 0
1.551031150662611 -0.3121915400498201 1
0.11833107502889484 0.893363555528824 0
-1.1836887484289687 0.22511309634513293 0
0.311666148550921 -0.14112778229376477 1
1.527589423826945 -0.2797099281513754 1
1.2391323534571266 -0.5151320087356559 1
0.07989956554544655 0.9385452784612869 0
0.6240188779042355 -0.36553704677317556 1
0.8877415038081384 0.5980658028564239 0
-0.296826583227479 0.9994466747844705 0
0.2768828937034206 0.8658795615874976 0
0.19675014070446994 -0.20948543967954736 1
1.0429762349057963 0.48628996324755447 0
-0.09105046814096582 0.27242748721554083 1
0.0623135256791697 0.0036244349119709807 1
0.7744112913412331 -0.4913984560098739 1
1.123855104812096 0.1451493184458839 0
0.4291202583205525 0.8485958528887044 0
-0.9753941958156706 0.3338646627332178 0
1.2429671185784597 -0.43810717484366235 1
0.5862836048512395 0.9102206306664271 0
1.7618744246849347 -0.11595081468369728 1
2.1176796598796295 0.38693382788015823 1
0.5018582903763775 0.6476119342565336 0
-0.11809312803029114 0.2890721022395329 1
0.0044524937950559534 0.08533547301762003 1
1.4812952781706983 -0.5109768691507689 1
0.9362917338422572 0.6251731868328514 0
0.7119207041676341 -0.4687334853686756 1
-0.693424722890262 0.8678662385639628 0
-0.5676405382214127 0.8980722956285938 0
0.014703749410834022 0.9827094794933996 0
1.9509560644562611 0.19840852806238335 1
2.13306605197695 0.19844158361626926 1
1.673260255995323 -0.1188537502501096 1
-0.8051747119247261 0.7476759226272758 0
1.7682066072695106 -0.21010594867013782 1
1.8497335927782619 0.1967049898725715 1
-0.3884310205612942 0.816819409807587 0
1.2386401137463396 -0.47510520125473366 1
1.9336477344634544 -0.16987157820256496 1
0.2609407598832868 0.9618233219356603 0
0.15764149954183293 0.27318576107232045 1
0.8319471099742309 -0.4154789547927535 1
0.5974305396636661 0.9087104085093136 0
0.9432996027144256 0.3302405701190625 0
1.4926264297325817 -0.4216699176501363 1
0.989322896355071 -0.5958612556227775 1
0.630135051762824 0.8466278215768768 0
-0.9663134402990926 0.06894327865563052 0
0.4214857520104605 -0.4288262007563285 1
-0.8572518679210768 0.8301145049087296 0
1.6648838216482271 -0.18400783944890148 1
-0.5192957573841112 0.92153512053103 0
0.2916139361217239 -0.12007111927587205 1
0.910420212801921 0.4413728283714073 0
0.13677323531753785 0.9493248704468071 0
1.8367713451628445 -0.0503189418285232 1
0.7340899143329338 -0.44509415379828393 1
0.03015454345308105 -0.07844226260554027 1
0.6343001251625302 0.6771968779548009 0
0.9843341421160825 0.15136729508042326 0
-0.42675334237981066 0.8525387297557248 0
-0.8982324931403558 0.07154741644302434 0
2.0597338753719145 0.21010337787717465 1
1.0486874898723213 0.20014221993447548 0
-0.07657049425500334 1.2337039671519556 0
-0.2584108606864016 1.125256084838667 0
0.5073795081021113 0.9284145085407222 0
0.6259696188207702 -0.5449418887174211 1
1.9202136421762428 0.5795392190308701 1
0.7911720737107082 0.6064305361564937 0
1.9298071871206772 0.2658193761936556 1
-0.7731215556108465 0.9612615727235455 0
0.5859658805706038 1.0095791120918005 0
1.0477904564352731 -0.009267288177117722 0
2.001534477839369 -0.11113238705648923 1
1.8134848903753622 0.10328528371776934 1
0.9246152452364962 0.4774323780756052 0
0.6612254287224694 -0.25367706373113796 1
0.971217780802397 -0.513975372134447 1
0.20456805531028144 0.2141331393712157 1
0.7643484639214803 -0.397388989034693 1
0.14194827274645708 0.34269422670702604 1
1.5547965427414665 -0.042831001033242666 1
-0.9024412435087575 0.40327413498496756 0
0.3218121352931682 0.9550603044899435 0
-1.0606433272097835 0.04871953534757011 0
1.9226964204856059 0.09956508907106834 1
0.6071905999337432 0.7029711911147597 0
0.10323721126413757 0.5787281779827196 1
0.03198774398822588 0.4499944429501743 1
0.6626651282999678 -0.3926891726330057 1
1.6281324953306027 -0.30315528419722015 1
0.17830216020853715 1.0271748487087815 0
1.9040624629225906 -0.008223071680564104 1
0.5419683836867274 0.896058049966556 0
0.07472687778514381 0.050430151590424424 1
0.8688169069488322 0.6394949201352997 0
-0.10632244512269132 0.39524785895979253 1
1.1728301048668295 -0.4630805187035089 1
1.7792128875514464 -0.41651366126869377 1
0.22017277975682692 0.5525380901987927 1
-0.29248505382830037 1.0522247824321007 0
-0.4531533292728847 0.8234922424910487 0
1.872301363385254 0.41269671712361894 1
1.0752020416215522 -0.572299462189243 1
1.308016328315797 -0.35097326534103623 1
0.7373766992152423 -0.4006884496538562 1
1.3270796722013667 -0.20768568115984393 1
1.538108492057412 -0.18091605540591674 1
0.42142407933408477 0.8872108216914283 0
-0.017342600710555392 0.42817600146136936 1
-1.094448770856833 0.29474554175714174 0
1.54359244302884 -0.026690067825707625 1
-0.11442742054928497 0.9970434156201523 0
0.15824870292573828 1.0217031273738635 0
0.3151424827184395 -0.1891264182209503 1
0.7010643642761221 -0.4714739406530924 1
1.0119740584081884 -0.4991384818849714 1
-0.8123338240639317 0.4022444663800412 0
0.10382648163980436 -0.07566555999803713 1
-0.8499260751138967 0.43256003480051974 0
-0.8861122392033335 0.10023486007047012 0
-1.146753484194698 0.12934397422559163 0
-1.1128555120160721 -0.1329988498804684 0
0.9220435710811852 0.2509361112028683 0
0.28474706883004974 0.8954066330245107 0
1.1623291411338479 -0.46928636678737573 1
-0.25576425271039477 0.8146905827320077 0
1.6501577136080365 -0.34567193625705145 1
-0.8616821858647844 0.6373085928520837 0
2.0087299260235265 0.3543180420384451 1
0.39851352434550164 1.0037446168933637 0
-0.0699260938061105 0.9156949773641747 0
0.8285846102637369 0.5857269779889891 0
1.016104329601252 0.34006914237431246 0
-1.109376645737248 0.1638609494082365 0
1.7819921813941473 0.30894834953132067 1
0.9330124291590729 0.11720588793428302 0
0.20535761309260406 -0.22397190934412198 1
1.5299494525732638 -0.1797273004048091 1
-0.8393783345559918 0.524370434653157 0
1.0431480646288243 0.43385421150147757 0
0.3952234942769222 0.8894564656882938 0
0.9591272694577588 -0.5405820303097926 1
0.6544430482273677 -0.4096973964197559 1
0.4236129477541161 0.8557377278896215 0
-0.8218023588710749 0.5826653527972824 0
-0.6614150374953891 0.8437581443343224 0
-0.8433663519076949 0.46409976652767193 0
-0.009922791022610816 1.053905138506583 0
-0.04914517756878861 1.0798118845943305 0
0.42844320122623114 0.9736237297170502 0
0.23899353017305697 0.9333114121240511 0
0.3801995774948513 -0.3037507161259579 1
-1.0966446208154854 0.07730719518939366 0
2.2080499797601383 0.2561533322458066 1
0.9511505185404371 0.2660104259424952 0
1.76843419214269 0.5950715900015856 1
0.010121426521363053 0.12679979933681218 1
-0.93503972218305 0.3295531445294366 0
0.5724736789610064 -0.43168913690881394 1
-0.0729094975583151 0.1750442756333055 1
0.8268725160340391 0.47600824098377936 0
-0.548249851993604 0.9688744351394442 0
0.07069028679579921 1.0235549922276366 0
0.0775245507151211 0.1507081436303186 1
1.2334455241593283 -0.7045508523684569 1
1.8504004106572853 -0.10991034117750442 1
0.28303875183837035 0.0056962440671375625 1
0.8264133596533908 -0.07500629635535673 0
1.7420754192506003 0.5104289177850005 1
1.4435948404044798 -0.3508194642181727 1
0.8809086930771934 0.5865203304937137 0
1.0498565818014516 0.411011805085952 0
0.907338868320441 0.6931829416755678 0
-1.1450686428688406 0.2856557005464644 0
0.6586457569218824 0.8060746024055854 0
0.6448442124955833 0.7708269481007545 0
1.9395135580804612 0.1533714211661749 1
0.8902895002515018 -0.5449499564620418 1
-0.8590356832115426 0.4406502825055376 0
0.013401952114223958 0.21298835967567198 1
0.727604569381524 -0.3366938320901045 1
0.9473708460599852 -0.4559899902416389 1
-1.0403811418072213 0.4249260706908187 0
2.0089197883285976 0.2710920483143077 1
0.8751018969993503 0.29420102874621523 0
-0.2939479184311895 1.0184713152665066 0
0.7955156531185754 -0.39316231363743037 1
1.691390870239034 0.06351789804887528 1
0.9945769895314838 -0.5247982602647894 1
-0.43139403346347405 0.8513731115727458 0
0.08716075631799827 0.5083903228647871 1
0.837936311013727 0.5519503198407619 0
0.31556896546450497 -0.0748508161253136 1
0.5583416819313157 -0.28062338129266645 1
2.0488856375810927 0.08083579053156689 1
0.6399367928824387 0.8580872267380004 0
-0.9111522268263844 0.473329335016348 0
-0.9033023044680333 0.36579912241353285 0
1.103051443429612 0.20163942633586118 0
-0.3704111395299762 0.778605741088361 0
0.7099618230438471 0.8371314904425117 0
0.16169227283719395 -0.10520468865209087 1
0.010555686259604069 0.2914619012210727 1
-0.856989282765342 0.649030653923565 0
-0.3572626450087506 0.8138182069124746 0
-0.9180930635710013 0.3664135203800857 0
0.34702587086110037 1.0135604435682128 0
-0.2405681344577677 0.9187460627849073 0
0.9375357413330018 -0.08891069999569276 0
1.3091024995323628 -0.5313487935179039 1
1.3440230101699004 -0.20936957506262674 1
0.8973615610392711 0.2577236700198098 0
0.23114514431088007 0.9630836057896657 0
0.46466544525886744 -0.5194697615629952 1
0.6460029425256024 -0.28637445360307673 1
-0.7631875754851118 0.8939944111113435 0
0.6708158514593761 0.8983787290219225 0
1.865854761982165 -0.2552642155531519 1
0.8881225083341909 0.497259935344817 0
-0.3692238702566867 0.8980373940290375 0
0.8802151602854096 0.6103945639416766 0
0.510095714654327 0.7340266209251722 0
-0.19282069025802595 0.8197643578590726 0
-0.8841090263209653 0.5738608475611943 0
0.5567407066023861 0.7595980964860917 0
0.8291788042695426 0.3652809551816203 0
1.1270231089815819 -0.3425963194223292 1
0.5264736352242597 -0.32278399889232257 1
0.2637042296599402 -0.14865601333615175 1
0.1246197804445706 1.0112785174607797 0
-0.7753296814089258 0.5961081937200962 0
1.8706844709631014 -0.2105916714076925 1
0.12510338746966365 1.104700510112464 0
-0.035502208673859725 0.025631063966915876 1
-0.9300403076760548 0.6840252486728634 0
1.1289482967639948 -0.2774615059646167 1
0.39866513527952285 -0.35859245715335986 1
1.204706422540251 -0.4451747880774428 1
0.9035931184535618 0.5327814401355583 0
0.521894035936792 -0.3989701231579129 1
-0.7198265129038154 0.43403120870640194 0
0.8211040948977317 0.22568255101894152 0
0.1847662254202889 1.0708992444161685 0
0.7045023649490167 -0.40861560010261183 1
1.1494780238402895 0.03286936324102374 0
0.8984354224634168 0.3839942121754619 0
1.2556774318314419 -0.6850339913658212 1
0.12354009370896091 -0.226233734264793 1
0.3516210418198823 -0.22087456973678105 1
-0.7255693496227735 0.5394879906407903 0
0.7364907182471361 -0.38860022487143075 1
0.6443788385463919 -0.46430113051669475 1
0.40788231891202437 1.0816899189194185 0
1.8497559038925424 0.02862296140813822 1
0.023759988823197076 0.36471016715600474 1
0.6226297319795963 0.7441362754052004 0
-0.5786932445340058 0.6777573346118807 0
-0.9005066587582728 0.19543185477665911 0
0.2020813949655988 -0.008905069548180475 1
0.3735738122124083 0.8966775891362943 0
0.5621910626751399 -0.5064760985534785 1
1.5076845201763267 -0.42367763248614454 1
-0.46922986567318126 1.049760634496347 0
0.04056161427883619 0.27627586353956 1
0.2058513916623551 0.1515066792006353 1
0.39663599359968704 1.0279729436820966 0
0.12591583177812288 1.1519783384698363 0
1.2898057412724957 -0.35137146744214964 1
0.45654620503620585 -0.43654131316342343 1
1.8521783960871392 0.036805547920531506 1
0.3490968133590784 1.0007664646682748 0
1.828695287116188 -0.25862842759232724 1
0.05195284280076033 0.9820855543792227 0
0.7032231310020985 -0.3323253394832437 1
0.9406561051321687 0.3206900072732892 0
0.9772005073094499 -0.5283763424371171 1
-0.898713466152106 0.6018437018332443 0
0.4895638253841423 0.796628501594225 0
0.42477418102072906 -0.29738642122179726 1
1.8135769673610966 0.015013658899973012 1
1.4113852996940495 -0.43319431902393535 1
-0.9492014620599969 0.3201860786414882 0
0.3151610685086367 1.0938836616535639 0
0.046158270927331185 0.46794428828125545 1
1.0211665339104428 0.34571961169854254 0
1.4854838842115854 -0.39765068426461175 1
-0.6957370456401111 0.792759964160822 0
1.8686073569751038 -0.09873877002121198 1
0.1976483448483361 0.22869918300291797 1
-0.3811630655303964 0.9148299901821899 0
0.08611519853321536 1.0263234916776758 0
1.4001668289116846 -0.44485001816359976 1
-1.1122147158872953 0.21569771715664932 0
0.5565612629780284 0.7311042640335481 0
0.537382111062948 -0.6267479452036463 1
-0.36864009914630946 0.94351769076887 0
-0.8384328134242163 0.43924176179465213 0
1.1919382368830411 0.2466212707066407 0
-0.6227044319369227 0.8309439994951593 0
-0.5249036247249699 0.759939382376777 0
0.5542868608531636 -0.4765944067089012 1
0.6627712409383968 -0.30773464890668195 1
-1.2177694250400557 0.23251219900703163 0
0.01829471743477372 1.0672287097726063 0
1.4324186388755118 -0.5187186360741519 1
-0.8351191062003142 0.42363164559295 0
0.7936845678585471 -0.4913435783562074 1
1.7695796840915161 -0.11558520167420111 1
-1.094865719005366 0.14844818715182795 0
0.17304870382448212 0.797542648089108 0
0.7668969588791469 0.6526913667685479 0
1.2017035866772041 0.05508051980118314 0
-0.5222696554928918 1.0136016833000765 0
0.28796965676519437 -0.08142053557346376 1
0.38185833709663186 -0.14346060603113592 1
1.2336344081140778 -0.23578526261697255 1
1.0290264637350583 0.1503787348754981 0
0.358162322898404 -0.19311493295794285 1
0.08861917006047937 0.3211629138393026 1
1.8218837631541365 -0.03635251375009399 1
1.283605215710915 -0.4043043120601438 1
0.44015058071556523 0.9788008985987939 0
1.9705779548316744 0.3895000096911888 1
-0.6292978093703502 0.777396621641809 0
-1.010539441757306 0.44243146697350194 0
-0.647656643469472 0.8736226550583639 0
-0.27634040027699897 0.8391804064679089 0
-0.5848339450898858 0.6893026950453247 0
-0.09181332076607568 0.9384267652914714 0
1.0011506449493934 0.49155131280604025 0
0.5729745669445991 0.88071729922659 0
0.053521327744086605 0.3104819000708146 1
-0.8860365424402804 0.13053566507425157 0
1.9001982245648732 0.2676277324999946 1
-0.930904513959261 0.46133531265133476 0
1.0868346183182158 0.35783462462832033 0
-0.9569720666609337 0.21605370256043496 0
0.0414299162937696 -0.20891784566653976 1
0.30944025252581064 -0.3649592974929071 1
0.1256723308594478 0.42662085012387635 1
-0.7504642914056747 0.5849250698560562 0
1.8740585264362923 0.03188779465415342 1
0.9862563041672486 -0.4742110864305547 1
2.078905398742375 0.17115877375156197 1
-0.005772239127762521 0.9149486360355592 0
0.7533030332885553 0.8598072138514705 0
0.41660298304856885 -0.5084127580957374 1
-0.22570582559365315 1.0125277231648107 0
-0.6065350828855507 0.751313366467883 0
0.4619140854554828 -0.4265818178614081 1
0.3006362684628822 0.9443212798887173 0
1.9738542687832294 0.21404071995636192 1
0.47945159052428965 -0.26792465917134645 1
1.964803063725314 0.4643707543592972 1
0.607602737724156 0.8512480808749776 0
0.8166738359843428 -0.606910231658946 1
-0.6313244465617256 0.6693488499636342 0
0.5807709583407049 0.63384949566164 0
-0.3241476415270681 0.8468028865324508 0
-0.9016333201824179 0.3319408826193101 0
0.9351001346324015 0.2768491000441009 0
0.8476091584177989 -0.5835801934176869 1
-0.1891064810905927 0.9986136611962223 0
0.4513742767311388 0.9315757363043737 0
1.837646466311149 -0.2714719472815532 1
1.5065100142570629 -0.27453664956101154 1
0.19427006970618246 0.0756082702410598 1
0.4198837957702034 1.0216149710149058 0
0.3102211805243338 -0.07610771736587707 1
1.5705432762979092 -0.17516845453411933 1
-0.6766808906078214 0.46218541853751677 0
0.6794946365438314 -0.29952096640097553 1
