1.942927857727044 4.561054363663628 0
-0.07544758473599546 -0.12241752665724402 1
0.0632754939551005 1.8498026298923 1
2.834120502481894 -1.2863422236268889 1
-0.29012876754146427 1.7828910822406059 1
-1.0196279907729935 -0.9206320284491369 1
1.3784988184833296 3.418160161285463 0
3.096741068592508 4.019149424313882 0
0.9213293240031213 -1.9613272586924788 1
2.3674336273950094 1.0292989269489063 0
0.5455747336661955 -0.21363173039352126 1
-0.6191269618814225 0.13176655356606204 1
-0.22426152716411188 -0.05102260566858044 1
0.769857836781617 -0.8434589611032217 1
1.763925803298018 4.3661279925343655 0
4.179332384340814 4.636404914399206 0
1.5684539073978083 4.577569434258627 0
2.215241378864655 4.545536952568828 0
-0.29865473370969975 -0.33174098725883455 1
-1.7316360715630996 2.355962099654316 1
1.9375306845118458 4.880058271733329 0
1.6362431836484694 5.219604013632914 0
2.186495951147439 4.7202332687928905 0
-0.9013649069897999 -0.03229105678026148 1
2.133754136150088 4.409326452343627 0
0.18641980743506523 0.7095321846026336 1
-0.4026981969453003 0.768258564607883 1
2.486962949785279 3.8626425639968707 0
0.9798349158167826 -0.660729938784324 1
2.304911312467593 3.134290006675802 0
0.09393518919435088 0.3514491757507043 1
2.826683980060383 2.470291130172886 0
1.1277482967377055 2.6980614652855066 0
-0.04206672258068252 0.6523480515211685 1
0.3012351665708926 -0.9598257216327958 1
4.557060116854426 4.919763117006723 0
0.3255448190877737 0.6442870912323835 1
-1.1339944388217102 0.8985368370617552 1
-0.9913878692910689 0.4456682277301343 1
-0.36726069842855846 3.2426407771153594 0
-1.5535590558927825 0.282747781555035 1
3.0117395436976535 4.834879866632177 0
3.0406096023159206 3.4577138544279853 0
2.6360568504278246 3.994789406821347 0
1.360375161369958 4.753719128201485 0
1.5599656569475036 1.4793930377655782 1
-0.38193825738208165 -0.22606943340168809 1
2.1118561565876193 3.0232676336028015 0
1.0908328364762503 6.139611675047539 0
1.431388305071858 0.2193319186395356 1
-0.42879595915795293 -0.041659658023036665 1
1.0460385110209631 4.683791529454345 0
-1.6067861806904833 -1.450891516628098 1
-0.3094130134234352 0.0903689452449911 1
0.6446165751390291 0.5917022356504549 1
-0.19964320164723764 0.6279791091915765 1
-0.5442356724759561 0.4622845198831708 1
2.0896772002743536 3.210171410225888 0
2.352690001469111 3.8448874376127318 0
2.3116394744197817 4.5510968762884865 0
1.17309800690122 1.7012496098094283 1
1.0926357472580173 5.065331104039673 0
-0.4782810469278308 -1.375872921610832 1
1.9562890352813416 -1.5329103458469102 1
1.4957593387814652 -0.9383389647572072 1
3.2518098180728274 4.1843308225872615 0
0.9767739537473927 4.664291514306429 0
-1.2808711926479035 0.7588669364359784 1
0.5064041772959493 4.991035681038019 0
1.206266607330306 3.4357282760163033 0
-0.08951995583375053 0.724630822153244 1
1.7908971655988828 3.4019038371852073 0
2.7999767736844676 4.567683952319271 0
2.1757640493468653 3.8838323394559007 0
1.0222617677848689 6.4267072471000235 0
4.1568677391611235 3.403432946878477 0
-0.9997145721744545 -0.9185155800181726 1
0.07706416050501586 -1.4739267996768413 1
-0.26510413219362466 -0.7470587212756907 1
2.8996033211667385 4.3104315654359615 0
0.004787830306013711 1.0920318020546993 1
-1.8857118877565067 0.6637615615162661 1
-1.6815038519101644 1.1655665758170257 1
1.7607413488683095 0.6614974081504774 1
0.4923131413037252 -0.0066916674909518765 1
2.989837909210538 2.542535387097463 0
2.0156481018742674 -0.4924236176220144 1
1.7522935219398805 3.4888441470942952 0
3.1053975438433463 4.868186456133994 0
-0.6279246031911682 2.2510541343862913 1
0.4609482676577779 1.1825683359702284 1
-0.7879469798636521 0.49486073471175795 1
0.04806343712868477 3.8262401950723346 0
2.694769353002454 5.123593509329128 0
1.985795059462147 5.874100601196274 0
-2.1226296780238703 1.3911151369901935 1
0.28266296056178253 3.7474263549718496 0
-0.3105228024300588 -0.451153436634026 1
-2.050089663796512 -1.069649002219696 1
0.34761700253002414 -1.1248478311408951 1
2.40733312381791 3.4371936016084135 0
0.7232268274826888 -0.6617071099532706 1
2.5386153312404987 3.8378650920422124 0
0.6144699602855177 0.4793752546518522 1
2.5350113956949265 3.6758460302585565 0
2.8509347372837732 4.692283342813331 0
0.7674634675997689 3.6158345012583797 0
2.0715926200540395 5.101870168798739 0
3.990388274539499 3.3834398203650653 0
1.4896195921383582 3.6269227520132006 0
-0.609913984275065 -0.13248782655966604 1
1.0180460912156524 4.394303075241096 0
1.466198445502049 2.8738550987380673 0
-1.5716415279183298 0.11488539482257745 1
1.5482645548484135 4.492988285129583 0
0.677845620454022 1.5736436877899471 1
-0.4472901800172602 0.40530873711631044 1
0.41086323779120953 -0.8598040481472204 1
1.9830163654041242 4.66001052672523 0
1.5525119917616983 2.8595624268561197 0
-1.0248773800694644 -3.3406136395574473 1
0.5654850182540652 1.9012195365934033 0
1.2156753143059882 4.338677081380266 0
1.3457752825987477 4.147625151958408 0
2.0582082658653738 4.282539868752829 0
2.242540437413491 4.219156184987236 0
1.5045423209631728 4.8489614283681615 0
0.20970290206414557 -0.42063221301409665 1
2.6342943491647772 2.837288181873344 0
1.155092085494029 4.213461358370195 0
2.3598560313436034 4.197903802015894 0
1.6597432208877847 4.355640685275143 0
0.12144424498301372 1.2420218051422862 1
0.7986845973689174 5.648754877749215 0
2.5190912927914226 4.059411131236226 0
0.6622755950620273 0.8308656487274964 1
-0.3458118434706677 0.31014022910325384 1
-1.741570753204559 0.6529527334933984 1
2.8668846389571394 4.382935768502145 0
-0.6890313247885739 0.4132776616047098 1
-0.6044501746815454 -0.19623226782497172 1
2.0853654210552808 2.800844382874706 0
-1.48751534486729 0.6540780777743388 1
-0.059566315434968604 -1.4390981611571498 1
0.6273078456042465 2.3086414604685843 0
2.281361193369547 5.3425795246330905 0
2.523002401377851 2.3174981887984467 0
2.3758663530600685 3.7166431464299685 0
-1.8441839268026756 1.440473679185564 1
1.6163015135074486 4.084015744320682 0
2.00676686610947 5.067963403131966 0
0.6606327656496122 1.4064774736509813 1
0.9746379356463206 3.509267725889301 0
2.472369897100231 1.6499546621175782 0
-0.1582084911848137 0.32351313499228146 1
3.1481086386836763 2.808727292725873 0
-0.06266553218094935 -0.31349219486168706 1
2.594379819354436 5.764261852682147 0
0.9298430873339467 -0.42072094810752786 1
0.43536436165661146 1.0260339758009098 1
-1.4700456870018912 -1.9224589535519656 1
2.3197291817247137 4.058593277527541 0
-0.24405909826446306 1.0003555082776434 1
2.53915363478541 3.2604681528833073 0
0.47668061810525875 -0.2131927489455237 1
3.0196521015277877 3.5131757290925982 0
1.6828379009512904 4.893205489493534 0
1.9854729407234333 5.600141346743822 0
1.8434326669554346 4.289681761302578 0
2.287562094264584 3.4298505672485406 0
1.6197457193129787 0.31406955620888083 1
0.5426831715038678 -1.7712301732545257 1
-1.782648543161816 0.08268247276415434 1
3.85400438181013 4.835535288805722 0
1.747080630566697 4.526298409009985 0
-0.43836566230729057 -0.2013675090747999 1
1.8449151552696192 6.019721590969729 0
2.277962693438171 3.6431608054686877 0
0.3713851684528666 -0.5930988425656465 1
4.013381909815397 3.8193547694546246 0
0.40935944778387073 -1.5818031809973314 1
0.6235382131505584 0.757046071565325 1
0.7842832569455552 -0.30305467672074393 1
3.1309581395786097 2.6226328931157035 0
3.424351905577038 4.948958203292204 0
2.3225623682947094 4.157638713773962 0
1.790937401978755 2.1754252756663295 0
-1.4533994674769848 -1.746293685898511 1
1.1220105693678462 5.316559702234111 0
-0.41392481559731936 0.40386101616807907 1
-1.432641693485767 -0.48044277008738046 1
2.006093231634073 4.893824481606749 0
-1.2380605674697698 -1.889116824622388 1
2.427624799527934 4.307567137662614 0
2.442017825317291 4.252120597456562 0
1.8645238859498208 2.9538414864989475 0
-2.026075384733969 0.01715775144305468 1
1.7569689621278204 2.884720252476553 0
1.078587600025513 3.3011681728310673 0
-1.0495980945236305 0.7727769687573247 1
0.4924070127301505 -0.1295467498464227 1
0.711332667694047 0.30964058866154187 1
-1.164096700486963 -0.3627724298547909 1
2.1860214740781907 3.4695824311359624 0
2.564914782604982 2.85062241758651 0
2.774803445312921 3.3873436033434903 0
0.3147839063822173 1.1537736588414376 1
2.1498857015385755 2.9639501218942153 0
-0.020292954162187106 -0.6827016508356718 1
-1.6890704491006907 1.915974486002676 1
-0.05844164620154931 -0.8417719257855426 1
2.502440156309352 3.1511210494602446 0
-0.1729183784974496 0.9636982675818264 1
1.9179214202466106 5.158451078542139 0
-0.3409371582726785 -0.4695109146189768 1
2.4953267414115223 1.6163112513172062 1
2.06585885818032 5.083609065980756 0
2.994425615365071 6.299999100208801 0
0.4470243165932441 0.9221741211091534 1
1.0450962287306358 0.4450561091022364 1
1.0573435129896809 -0.724591887388267 1
1.2857398222942449 -0.10407699914843153 1
1.3390873747374703 -1.1465161035513258 1
1.2392592570204808 3.5388285811737767 0
-2.232078176398103 1.154371002813923 1
-1.42475977142924 0.291094349898923 1
-2.257866535897626 -0.22534736982670645 1
2.776892378253467 4.613815026182054 0
1.37586685001921 3.873421673516121 0
3.3703757455469256 3.170816190221046 0
-1.355528902917006 1.191205573716731 1
2.315681624145085 3.008577742001645 0
-0.15848257698302878 0.05513473380911408 1
2.592141127685183 4.768352381785484 0
2.0548428185257825 0.6310594499483412 1
0.5016788437473915 -0.3645483365511911 1
0.6834739282977521 0.9859921963988127 1
1.4771755412387992 -0.4862112110417074 1
-2.0301085702227097 -1.1687324367483787 1
2.8969419618659416 5.086225420275938 0
-0.549962970107031 -0.4587848773872543 1
1.0542701237803775 -0.4241757829311753 1
1.084715358896731 -0.6839696892262064 1
2.4496896806587003 5.072034858087247 0
0.27790264662908243 0.8230407045747705 1
2.955103479032071 2.9079302762332304 0
3.4044818223103177 3.565199179458501 0
3.318084886289883 5.255506843532567 0
2.0077485189214355 5.375150751347329 0
-1.546972957064494 0.49615402897408234 1
1.2340389230352276 -0.9541821157422137 1
4.3090916193638105 5.293453557960709 0
-0.12718043406678894 0.04139493978816858 1
-0.30931060986189646 0.6570997922998756 1
0.18251546786642847 0.9052310692231963 1
1.028248833218163 3.8153444892092696 0
1.6459913482409794 5.1555791392940336 0
0.426465476500385 -1.6243850036627492 1
1.9800228237628916 4.380801240262629 0
0.5018807160318051 3.942405087175027 0
1.4304463255748012 3.9386671402108995 0
-0.6129560432450035 0.1619732337980101 1
3.053364294504566 6.222077998767045 0
1.9820744791745806 -0.5584249448902096 1
2.8217157710693943 5.482586369891191 0
0.35572489599885837 1.161240760953346 1
1.712671307510767 -0.11685665231902827 1
1.4588026435359474 -1.3556212028514385 1
1.9880717105081713 4.975794534993857 0
1.865588197462005 4.834309081893371 0
0.0275895875435066 3.80157731735842 0
-0.06384253525050632 -0.3167809115489569 1
-2.326490399752077 0.5000950596729106 1
-1.3057471564669028 -0.6065461741121504 1
1.621248592000236 3.3132594341842045 0
3.895068333025164 3.450015886497188 0
0.9198450722455256 4.060962096599792 0
0.724674682425801 4.369258257361149 0
1.4668049244188441 3.5629120383816684 0
1.174201765829952 3.624408772481466 0
-0.23746718245388962 -0.38455321562618505 1
-0.7761792395645828 0.6842342094752086 1
-1.80285998214339 -1.8144647539495566 1
1.7093982178358944 4.280116575358141 0
2.2511876116633327 2.983437866547434 0
1.607340839904018 3.320125212135023 0
3.1455958846188334 4.518863387093893 0
-0.22677490070585085 0.24599602031605053 1
1.5275339106209511 3.619161395636464 0
0.014656986211757025 -1.4570216451744868 1
1.5288419793157464 4.644749987332253 0
1.0347387069891079 0.10608896484905234 1
0.0914344517810306 2.8305159826758466 0
3.836266273819472 4.213459578289047 0
4.676218553716335 2.3450193644112627 0
-0.5316000581326077 -1.9723217591075453 1
0.35013579735264744 1.405685928294914 1
2.770462805179186 2.684626792101174 0
1.6335987927527365 5.651553663338921 0
0.8702956419572871 4.141224839095662 0
0.9027506237782247 -0.028037064435073998 1
1.2841733031688605 4.027299523410723 0
-0.37753833141792276 -0.6178110423212692 1
3.1213478566868034 4.248141184141333 0
-0.42132508361827337 0.12864586844430012 1
1.9141869649419225 -0.43738635044060337 1
-2.174992422072452 -1.077924754669629 1
-1.2202527482163508 0.20796565481081214 1
1.1557575936343263 -0.7328024831617319 1
-1.3303971107212538 0.981592463368297 1
1.3835714357648363 -1.5652703574926663 1
1.793075288642389 3.9535037664776937 0
1.3465958460650098 5.008115979515832 0
2.0340325214635513 2.572506100761074 0
1.0133532873193478 -0.33913987473912943 1
0.7894818841844695 -0.23676567622209185 1
3.7370188673836178 6.646324153731241 0
2.221488797650984 4.338100939042028 0
0.281837211394289 1.7607099749326982 1
0.3167367645171542 -0.7864726185459809 1
2.229078365838176 3.6486192557086357 0
-1.9896504077279618 0.5955669505396538 1
0.8940525826359565 0.7277898138047758 1
2.303579913094331 4.828410022755025 0
-0.9222705263563375 -0.521321954236181 1
0.15750033789928808 -0.02686547774182374 1
-0.38446233832118687 0.10066024347511406 1
-1.9405394784545473 0.9978507409415522 1
2.4933137226936637 4.98634878251803 0
0.41281482671562514 0.2124677366253835 1
2.3696681625095075 4.469198862186277 0
0.9116187313292894 4.627282800224599 0
0.732213593068834 0.4267139745333822 1
3.2785028461573784 2.081165062012196 0
2.658079158919363 5.394751688037051 0
-0.015976194963035772 -1.339569093729339 1
-0.05677915185822244 -0.6454221297553672 1
-0.9686310668259249 0.21990352651591383 1
1.1244143820110617 3.121171849163251 0
-0.9668709058901117 0.962309174459063 1
-2.002239018167816 0.8873961038322637 1
0.2520139242432592 -1.0748407048614532 1
1.227721829532681 -1.2869617251324228 1
2.829247892328724 5.216887303326309 0
-0.2046100724689213 -0.4678612435753978 1
0.03613705515694243 4.322016946629676 0
1.765602723887366 3.6446402593589653 0
0.48695523966958376 3.058948386882564 0
0.10954563627586524 0.9171058663343563 1
2.2496320727024073 5.433638782907572 0
-0.16398024935372746 3.595111502324621 0
0.3484642572441555 -0.7708671740821154 1
2.7593919059368464 2.719824769072146 0
0.3926734936935049 -0.0562594676925919 1
0.4656787888884407 -0.40035885882666916 1
2.2165879990756205 3.2804734111987406 0
1.444921046637928 3.7653395788993556 0
0.6351040261598684 1.0255344325361 1
3.4102545778446998 4.461183788219543 0
-0.7513410922208648 1.4611225464871869 1
1.7490666768180003 2.3838167827660532 0
-1.5783892823961894 -0.31408435689535175 1
0.36919974753302665 4.719604836875294 0
-1.3520315767423867 -0.8207647174825576 1
-0.19241802080907583 -0.7917102663299542 1
1.2439224597007241 -0.9406446067250227 1
1.0177393701242305 -1.153537889253465 1
-1.727964414262655 0.19297358444673454 1
1.4020905026354922 5.1760564304594086 0
2.471084690016263 2.8283711309603836 0
1.420610674084589 -0.44081985371100196 1
0.8274462074131257 -0.20067490978502536 1
-0.70696370102234 -0.8279459296470933 1
2.1790293640664893 5.181175859689807 0
2.5474132598381853 4.800767363889517 0
1.4277398714017668 4.724824785175718 0
2.345085280415636 3.3122060776390847 0
2.8330739861235363 5.010187179368904 0
0.15812872030346947 -0.5050066947937653 1
-1.2833213877742395 0.27161946587498903 1
0.8182454721656442 4.407836635206437 0
0.15638511674922018 0.4941323894456242 1
0.28379890673350555 -0.48318016028069977 1
1.8945205173931379 0.13854018389141126 1
-1.331912888425095 0.010653088980494435 1
1.6436490275697326 4.032749651755488 0
2.652937586423503 2.9852046752533035 0
1.9931311883185874 -0.590999095954875 1
1.3627363272813966 1.3349226755413823 1
1.7032797767656898 3.9546620112896025 0
-1.6023689446554656 -0.16203105965661796 1
-1.2579109486027384 1.0637889585916398 1
0.8236689950513578 3.389327336501839 0
-3.374565060541908 0.8579405004231414 1
2.7129789405120674 4.175719359223326 0
0.7417575387174025 -0.038914828766314434 1
-0.6241674364353309 0.3277943705606834 1
-0.17169167286551446 -1.5785431991748304 1
-2.0146097344303633 0.6226609072125853 1
3.4585140451278398 4.833710380740743 0
2.302629207954957 3.2304161814139962 0
2.5146668796234435 3.7256327222597134 0
0.5188347486939329 2.4899423624639487 0
-0.14132589664418413 -0.4029369316816288 1
0.8466028687078286 4.129468080043419 0
2.556084292100486 4.205715956036401 0
-0.5697395546726329 1.7706009343879283 1
1.6609790463766176 -0.1005499671017164 1
0.4336215888082017 -1.1834284746293677 1
-1.3492932497526975 2.0530206482015174 1
1.4775829597755727 4.814909158048127 0
-0.09514014868498617 2.0363660731859303 1
0.45230875753436345 1.0078131122348717 1
1.4354985713560884 4.0918768633474025 0
-1.003572058896788 0.5007614552792597 1
2.8262551441595822 3.6014661190862136 0
0.6386728199098102 -0.16064355770383643 1
-0.5089414660974001 0.14011514672602496 1
2.467061090964591 3.506984224976044 0
0.03190219883839161 -0.7120669801128525 1
1.274639066289387 -0.060517717596636766 1
0.09786286521723968 0.8476209101087196 1
-1.1755850659758917 0.5611642048304275 1
2.3979980465300157 4.6163979612172055 0
3.4907762593520015 5.719216964317476 0
0.3939199298231467 0.08912363068145039 1
0.8647723540103299 -1.710356111691298 1
1.5749753739208776 3.546964647738658 0
1.32684892788141 0.2074839388514254 1
4.203020478681957 3.300981856975225 0
1.4843478392495455 -0.92058169280357 1
3.9495826126543863 4.86364531310697 0
-0.3810836594034892 -1.7046228474515044 1
2.6957132202429417 3.803162124546281 0
1.1124727717119713 5.153829833423217 0
0.3335456648970241 -0.239174196831581 1
0.5726933271302634 0.16146241139769374 1
-1.1943255414307947 -0.19169444282071657 1
1.4124279414396337 2.196968889484748 0
3.968555828194675 5.346149295576059 0
-0.24994273368237319 0.05984318553848137 1
-0.01044985265562115 6.805195624115122 0
2.276810484662548 4.71842051337111 0
2.3607465709721183 5.8846574993718255 0
2.833481563781466 3.3235678947879896 0
-2.3196524196685826 1.1671603474044216 1
2.26403296305852 6.533156856731591 0
0.08865835935072018 2.008534595118225 1
0.5056751150496044 5.291175611213171 0
0.5307769071284815 -1.005958867817569 1
1.9824942703945136 4.370297196247734 0
-0.158174826936644 1.4007992163411607 1
0.6421930537597094 0.5248286492773856 1
-1.850696025406875 0.6065233626377653 1
1.1072816864657096 4.5104890997413225 0
-0.6577104965313536 -0.07293441093845719 1
1.3373890243996351 -1.242237441478511 1
3.5747053893756786 3.7218430079096825 0
1.172394941469625 3.8509702104329144 0
-2.213859645382978 1.1740175441249363 1
1.8542142597529934 4.615854206973407 0
2.2377677319587894 4.424718944019453 0
1.4426502124257412 0.4592533067679539 1
1.7669720329883796 -0.6865412623494603 1
3.0004255201117003 3.7855917114229487 0
1.702275013785112 5.135953474806858 0
-1.7331215894617724 -0.15075631384576504 1
1.9406272941967924 5.157350254023368 0
-0.47681990107954003 0.16437151602202127 1
-1.2541876216361432 -1.3568237501329523 1
1.9104539092658148 4.522450089258675 0
2.6914413619331294 2.4317713621362333 0
-1.8977349646928068 1.0110140225828663 1
0.889863851416185 2.745123629752249 0
-0.3203859076325224 0.2854484682489407 1
-0.5955036483295063 -1.0022915443164522 1
1.6265034233606084 3.8654397559986786 0
-1.1941548393149453 0.047985866555249106 1
1.8302082586975232 4.456000487591863 0
3.556598518497111 3.582224526769907 0
2.283062082173606 1.8381992859530745 0
0.5214136951625707 -0.8114216019462698 1
-0.4940810441192942 -0.9184328043710681 1
1.5813217749000819 4.032631587808947 0
2.9159467162149104 5.202750333465513 0
-1.6215790326454458 0.5211842807294899 1
1.2634194285499052 -1.8784911936382804 1
2.540088008909217 -0.517174552813042 1
2.8831056277773195 3.7142918765920725 0
-1.0009963021233654 -0.11986827263536208 1
0.6075956472652728 -1.3836271764966037 1
0.7580326882937184 -0.755433104985279 1
0.795756601801092 3.39847008006432 0
1.051451113457973 -0.17532089910590887 1
-0.014818257467853728 -1.049352623181855 1
0.32558105631039397 0.48229029618101016 1
0.7299623862490002 1.333825391988911 1
-2.4024379000473064 -0.7135657106747815 1
-0.2077118843823241 1.9504488601398187 1
2.8304506516742265 4.813014677922901 0
-1.367178364075744 0.6577621270374312 1
0.0034498056890426175 -0.12011909373918665 1
-0.7526333439175427 0.5006809102172849 1
1.0286219772863932 4.287169635450823 0
2.944522575538535 3.645724867711309 0
0.7496835360623042 -1.3830077569000734 1
1.65828339208849 5.556274748048305 0
1.3356827974929872 3.5824968084963897 0
1.1198265966160146 4.317489754466761 0
2.384298883558358 3.4934949861052393 0
-0.09482107315186812 -0.9672931839462802 1
2.5287428775997522 4.176937882001136 0
-0.9376828481754067 -0.6144317822738746 1
-0.7605862847645195 -0.6756036159446338 1
0.534052661091249 -0.7469722868829712 1
-0.6387002186672482 -2.243685528961479 1
1.9331617005030375 3.8641714511426413 0
-0.10322970514175234 -0.1467499231061596 1
0.7759116718385475 3.5666992432788884 0
2.023982551213236 -2.005847903771427 1
-0.5208609885632913 0.9133949955110476 1
0.33068126455178953 -0.09941317998151022 1
2.4898739771703458 3.3793442586666975 0
1.1811466533580908 3.1561823834136176 0
1.2833181236545284 -1.2927232747210253 1
3.364786288419682 5.007595775425063 0
2.8391242763021225 2.188492759755515 0
-0.03516281234957277 -0.8194627775991525 1
2.483650150344968 5.750611381333653 0
1.830668564497221 4.57212278257837 0
0.8430376497092642 4.718744828779135 0
1.375047354516895 5.161147765154111 0
1.8277201205869662 5.053310587900217 0
0.7273451619217854 -0.6819439108760368 1
2.476736444007489 4.433996498908217 0
3.876949971945308 4.615537957144585 0
0.43895783161289337 0.36304656167263777 1
-2.1613761320849365 0.19959459790569628 1
1.6956378653131967 3.183895148283251 0
0.5964196118854365 1.170556459611905 1
3.7439569431397386 4.039331487739951 0
2.1006544727196794 3.895299251851376 0
0.15244552989834553 0.8152139263373415 1
0.35168825658705266 -0.31183899874277743 1
0.9627385912238379 -2.248583571517094 1
-0.47605098258061035 -0.17413607024671574 1
2.995795772717634 2.9283479743633385 0
0.9559943836063213 -1.566886944672543 1
2.937100623921104 4.583225625013454 0
-1.0974913448025272 1.2603249460180228 1
0.6953314090456377 1.6309818301634504 1
1.4327388636255967 0.5331151885608709 1
-2.0362918583387777 0.5977648807673921 1
-1.1949996534277694 0.06912008031698985 1
0.9803871900098322 3.283259696412086 0
1.7083388382609204 6.7517306894202465 0
-0.5670579699009188 -1.0473020417479133 1
-0.4770109213876953 -0.09764169391120248 1
3.4955559630446214 4.396003776169842 0
2.8693579690468405 3.1063790673509386 0
2.6210282898084247 4.423659640453626 0
1.581653160336835 -0.5256445331938548 1
0.6787371953236883 3.84586255253864 0
-0.05590513520502336 -1.4884100069499526 1
2.216002069111511 -0.42810848614071706 1
2.02930760817695 5.737363877447825 0
-0.7358822646730777 0.9932677228921435 1
1.7459290521947344 4.145048223221523 0
0.0772670306763769 3.4007795669332497 1
0.25880667404747465 -1.3424659729453023 1
0.7438229500567924 0.42650245376276424 1
-0.43994857180182756 0.5550243635653396 1
1.7876230509188538 3.7434524681177765 0
2.1655796776073686 4.453566730446089 0
-1.1449411931746785 0.700582443603479 1
2.586391538749642 -0.6231053000429093 1
-0.0037989828711772157 -0.23894226667193588 1
1.746979547841553 -0.05956034273915047 1
-0.6185820151453845 0.17354099621897176 1
0.5514889395326974 4.504579602333614 0
-1.0459829816393116 1.5151051348467284 1
0.18128109770566445 -0.5284836634363483 1
3.000753531042542 4.311057336257243 0
-0.1613990793922948 1.5225181443079445 0
-0.13601672442301443 -2.13717707292684 1
-0.8365774753020161 3.3654589581278995 0
0.6856856254666828 -0.0540441990344566 1
1.5467934024098673 2.432949148785613 0
1.5843586639507963 4.129899036495533 0
1.1688060566278184 0.2747866290148972 1
2.3332201530066596 4.986781417048636 0
3.5980444656668613 4.038219279366622 0
3.544973963955311 3.3503510034889383 0
2.5239571313262044 2.1766663943044526 0
2.074817441475217 2.1423410602527486 0
1.4315051104454406 6.702055803646234 0
1.2171175591133767 -1.415317910656129 1
2.313429026853456 4.10337390064396 0
-0.5685108681884863 0.0016354036848287522 1
2.3133527605456345 3.556358331393984 0
1.065326903784463 3.0779870997001897 0
1.862803286076032 2.8957774054102345 0
2.6499916786928326 4.246176584133817 0
0.19211169943164047 -0.6798790120570608 1
0.05884146879114979 -1.2346919442864839 1
2.7971109046924956 4.314325125549077 0
0.5599496348886569 0.07286909963108934 1
-1.321215828996319 -0.5790193653492368 1
-0.263686689997627 1.3298985441161608 1
4.348573925334302 3.977272553607044 0
-0.5870484887336623 0.08581819343133973 1
3.4648876831903346 4.244357352878775 0
-0.08649774731146065 1.7493923739356194 1
-0.11503250625562446 -0.13880800362324303 1
-0.22381406939558354 0.9202374417801932 1
-0.9595624240455464 -0.5243287743967403 1
-0.08101895384019658 1.1343859763317974 1
2.0616887351286195 2.9317623335950045 0
-1.4810526882893105 1.9120467164819357 1
0.27151344405119665 -1.6834173049887928 1
0.9946343625622067 3.4547111674271003 0
1.4357072263076778 3.6761798104771666 0
-0.16149926184358138 -0.5246993595259468 1
-1.2442173754663481 -0.41448874608105324 1
0.6787299049906744 -0.0947445001370823 1
0.8486789241454583 0.7393133063277116 1
-0.657574994876786 -0.36465524141520844 1
0.5380774707100118 0.7220705335055971 1
1.6822890541313975 3.079190514732897 0
1.6000905359303743 4.848926866695163 0
-0.1850191072447669 5.904508185218663 0
0.4118878010237943 4.401659111284674 0
1.3421839659277128 4.514707207838786 0
1.7437258523249575 4.76514820656681 0
-0.12685543054436754 -0.5461673733124827 1
1.0811443895801305 -0.3618655003856176 1
1.1330933129296465 -1.4670576860472386 1
-0.6312104603498897 -0.04675140811318005 1
-0.5428040931573488 2.7273941722538746 0
1.9438974895898156 2.1248367651924114 0
-1.51075134967652 -0.34807790338401834 1
1.6752119827148875 2.6717361744872896 0
2.8814344956524964 4.385581932525263 0
1.6614106005864577 4.102929520155199 0
-0.580673741537468 -1.9364504674002325 1
1.2267763457598049 4.283251104350006 0
-1.4146197683095227 0.641652439649181 1
3.672498733547113 4.223913376049394 0
3.84680649585644 1.8857200483962835 0
0.7139027705396919 2.2985640489601984 0
0.912690146666628 0.41940055546965105 1
1.0706832464082776 3.965384091028561 0
1.7593334364970914 2.48496195100703 0
1.9487294567438387 3.682759878299802 0
0.6860367973132281 1.0035734129700824 1
2.1295960199256 3.860399696391294 0
-0.10601883195868349 0.1028214486681377 1
3.5569935996951907 4.4206491773204615 0
4.024493740726557 2.8140843242719398 0
-0.3656533105459804 0.9829787022149238 1
1.081230933446638 3.7371271763724736 0
0.7976349903513837 2.8458615402358 0
2.4477172297195553 4.361455433484991 0
0.9958728969181265 2.7603340510545293 0
1.235098395222141 3.499490511911315 0
0.5013710977950552 5.617862950884669 0
3.1769000558031903 4.743025857038084 0
-0.39353396589285694 5.4961474040514515 0
1.4658510725043337 0.20626736988397873 1
1.8776340382634236 3.872747439787362 0
0.11821208701546489 -0.5644935605431787 1
1.8556759207344038 3.402735615365301 0
0.4125948604390646 -0.24985050136617756 1
-0.3981316907116565 -1.0681611268964428 1
0.2386886153244141 -0.14249117053018864 1
0.7512360300515878 -0.519183108740273 1
0.5790291845201816 5.46111737778536 0
0.24799673468034464 0.6444536833134535 1
2.828329205235454 2.713771509751587 0
0.9651203003961226 4.161581425001947 0
1.867356850634369 4.2480827043071265 0
-0.4486956662001329 -2.0274681098100813 1
0.5664607161932599 0.7269426741194206 1
1.8283706070420982 0.5560841412466673 1
-0.16888121812191628 -0.6855098496082729 1
1.0170775195058042 3.1328645193409335 0
-0.7369344427465422 -0.6958452918544705 1
0.7281214446395117 0.6472669491184934 1
3.314815920241939 5.220264743705011 0
2.7888092861389264 4.24735271923548 0
3.117609309859009 2.118648291159873 0
-1.6029969622792433 0.2406123081875859 1
-0.6984869847884544 0.6970296218230345 1
2.0254390421065342 -0.8857641441135509 1
1.4713365989401117 3.238435190552983 0
2.365601055956919 3.8017276606122983 0
2.3242023838680805 4.1576454958828535 0
0.1589065264589502 3.248458012722973 0
1.7868878158417978 2.3686296161431217 0
-0.10032946973683621 0.26329639828738627 1
1.932822209749452 4.417287480174325 0
1.0300725287453123 1.141885209515812 1
1.8795753805340307 4.673402318117691 0
-0.04762195144150013 -0.2623462205167521 1
-0.014227486279536048 0.754323971729809 1
2.4303030887781034 2.666174763049736 0
2.7192352213545723 5.649798331508402 0
3.08584924757223 3.721910668522904 0
1.1986674945032725 4.390897415520768 0
2.2851209318469228 4.627671439696513 0
1.0361733977535272 4.639431108421847 0
1.3071107312831454 4.537647430294828 0
1.911816958369767 0.1889056447107144 1
0.6701709527195493 0.77602843963097 1
1.0752154871711275 2.923265325375027 0
2.148930618943055 0.7196271182357977 1
0.0645475779350824 1.2360550798022318 1
1.8259409403551923 4.510377069845449 0
0.8844003207595585 -0.4873215147187215 1
0.7065978505449125 0.5241323665550599 1
0.8448935124726603 0.1340483391711113 1
0.8812281098591441 0.5886587044140591 1
1.1119017551559252 -0.03604155211897876 1
2.4764226028657212 4.043752269354852 0
-0.36678897759898055 0.4670563769662333 1
-0.7134293645709974 -0.3276116064137724 1
0.9410989429984356 0.023223824730484798 1
2.102586204084055 4.6573456254485786 0
1.1919911004616985 0.9027498501717438 1
2.4785270809013005 4.637413909455197 0
-0.10435653703272793 -0.7675406805274055 1
2.0924942545327023 4.362808202129024 0
1.3598648665550828 -0.45191244204344405 1
3.2867825690412946 3.559136560158161 0
-2.151807958839527 0.8069996287736108 1
-1.0322638256132903 0.5317232435054186 1
-0.030597681928520328 -0.2572647728699709 1
2.611371931581866 3.6832686379718553 0
2.8005561950746087 1.0612772446436645 1
1.8250964731248631 4.597450379468189 0
0.09719455385571486 1.5661475674163534 1
0.6021527841767 -0.9310665722807074 1
-0.09221003812897897 -0.7358395934424241 1
2.0284262026486735 4.2938792123887435 0
1.057044865743023 -1.0650512133046095 1
0.82464458750378 -0.6366861611246241 1
-0.23077582406302308 0.5069322527764412 1
0.8646757376428291 -0.5308215029682627 1
1.5424477165719122 2.9490111431260275 0
-0.9859030120839051 -0.0724601056339527 1
0.08910157172629231 -0.3232449436224773 1
1.438744190315228 -0.2950971855925872 1
1.5293400971594515 0.16054280390449022 1
1.3199841277309987 4.07691128860295 0
-0.10555228153194146 0.6507970869041398 1
1.1006828898352903 4.879477809576431 0
0.44599539842540203 0.7346670743734645 1
-0.06033013369441532 0.16150911719206013 1
-1.6846323537599663 -6.300623194369423e-05 1
-0.32124491932495974 -1.5881711538943744 1
2.1445335929137515 4.683317800744004 0
-0.2239269890291844 0.8368993322944608 1
1.110403678875287 5.793904353352442 0
3.522418896682187 4.088744197624066 0
2.0718247247291774 4.42849041646806 0
2.702425245786843 3.4258078936819274 0
1.8788815863924315 3.059455256908451 0
-0.25430736173338664 2.449366714763712 1
-0.6292002034427109 1.0659212783271461 1
-2.6525862535918043 0.7733409351977003 1
1.3096480519486222 -1.1006482721533621 1
1.3054243471029985 6.089659254338195 0
3.1771447382153775 4.188842296918737 0
-0.44208904649804337 1.387166953109124 1
1.232591047354597 3.567114804365504 0
2.9397793372078453 4.599717737586399 0
0.1849254020329445 5.614653752804241 0
1.1697035839443486 3.018005742753302 0
3.3002615898286907 4.771765587992058 0
0.6478932728808962 3.847322013752949 0
2.289408318361147 4.133655239578987 0
2.75699535058465 3.938160983902684 0
2.9581703954774805 5.393869684840647 0
0.0300454756329897 0.10963987431044578 1
0.7769775861649525 1.1201035284880723 1
0.24052069377121754 -2.6545246778263065 1
-0.4636069254807227 -0.5544007364853405 1
3.7625644982856 3.1639779321340153 0
2.382824955251921 3.7651323182460565 0
-0.5800498427683628 -1.5619984383323862 1
3.2595379364509802 4.084853578571507 0
-1.1029262451224677 -0.1622366793728163 1
-0.8599932033947105 -0.4683444715009565 1
0.8351796080723843 0.3760734206923929 1
1.9798785940355326 5.870917920108719 0
-1.6238480750795032 -0.33975878910298807 1
-0.23885558043794008 -2.950519051880956 1
-0.6229239985087374 -0.23752266920758577 1
2.727946734980584 1.658075555200385 0
1.4826265736512547 4.149999687183369 0
0.2662277776987951 -0.42655602837827145 1
5.4348999171163435 2.488257234207917 0
-0.029609171607102774 -0.17319229799733277 1
2.098666858799577 4.935247044439073 0
0.993741917396938 -0.4530526441301987 1
1.51948102906323 0.9251181477563127 1
-0.8435648321489805 0.5632756500898761 1
1.956187735007933 3.958763363912874 0
3.0000995613630734 3.654836572056997 0
1.2136560410697832 3.4614158007888443 0
-1.2458818686424777 -0.03602474976927388 1
1.4584322484512886 6.122855836501774 0
4.389932150153371 3.4235480017872963 0
-0.6264212501437814 -0.4080305905649982 1
0.43621443781929775 1.5789060135540687 1
0.21160165606754328 -1.7077455551140084 1
1.6263269869367645 4.252209015461885 0
-1.213735552296809 0.7932880583993535 1
2.576476133298342 -1.0527757126871267 1
2.3091888481521674 2.3207553256090083 0
1.088032781455138 4.509738510344699 0
1.30185724452937 1.081072039972306 1
2.0360979279263876 4.2051127457302915 0
1.134823054435762 5.000438297247873 0
2.149227999170116 4.018040153581115 0
1.9787521416487295 5.123588034517127 0
2.0580884849906593 4.116942551096064 0
0.7735422705771469 0.500131792963534 1
1.6793043243647046 5.164489339283405 0
-0.8635380599652418 3.95980196446231 0
-1.2117233237147769 2.967007381853302 1
1.7952021362954835 4.881369902752917 0
1.2766276254340014 2.2420248314695206 0
0.2860331194253465 0.5725278465822224 1
0.352123510468241 3.969045664289156 0
-0.7988684597874127 0.06583574847162282 1
-0.13486924706410608 0.5289101165648497 1
-0.20910711446164493 0.32022754035298423 1
1.205110187698749 3.654939390855483 0
0.056412246642146245 -0.29707572205999033 1
1.9057705343641234 2.575128008026183 0
0.4792393021942984 -1.2057765811937253 1
0.05863313190491793 -1.3852447624500008 1
1.2221759247252058 2.928107953289775 0
3.1828898054035957 5.98378176160882 0
-0.6776331088353982 1.3529713655952185 1
-2.2331611260744784 -1.7945792213725098 1
1.1772226498186322 2.1095102301546915 0
1.7034908115960963 3.885562367837165 0
-1.4835453518155939 1.1767896194580265 1
-0.01958480564680851 -0.14009544498471643 1
2.1210098192899722 4.045845778265171 0
1.3218566148164141 4.83204038209026 0
-0.640904468764017 0.04548285093574847 1
3.6306091751982423 4.895500467429712 0
3.6107139570483424 4.250374877891558 0
2.476505966364808 3.211376830374445 0
1.2479242679076403 4.655917803993053 0
2.6020846377787246 4.8865004192615995 0
0.6676842988469064 2.016176330259811 1
1.981910987371777 1.2104793333560842 1
1.0919661100693985 -0.3830907810443211 1
4.454517601710383 5.911763658697564 0
0.8300648454376117 -2.595041409348837 1
1.0322681792054673 1.8563279567222024 1
2.076697651894477 5.341599421454645 0
2.223059752352708 3.7653052281842427 0
0.6982189603445694 3.620609282201752 0
2.040948722365557 5.580046275906552 0
1.4955990238451229 -0.22254809223062577 1
1.322825780468742 4.649671378101908 0
-2.1263925066647418 -0.2668086086995789 1
0.22508839083609838 2.390166786089664 1
0.36313730848112585 0.09589333669340823 1
-0.28757397720787 -1.5689740804746208 1
2.746102014325152 4.828855336949232 0
0.749430164807999 -1.45485778969668 1
0.8419298016419507 3.690158935423811 0
0.21016082303545502 3.7887305577269466 0
1.4810287677268332 3.6269056160987825 0
3.961389242040836 4.162469511356019 0
1.5465631900088164 3.3584269945079117 0
1.562620669458596 2.7372889009580788 0
-0.1350327072529094 4.568822896995968 0
-1.3046483865591325 1.2079113419946768 1
3.4379543676543753 4.101340164210645 0
2.5418803121807896 6.48384791313315 0
0.4967547699434711 0.029047359746006814 1
0.8540807952272627 0.9909579830585024 1
2.0741472857818124 6.340430250107056 0
2.0745587964288896 3.298068006571688 0
2.565200627573842 5.26287703546548 0
0.09318215933904506 0.8144275332369149 1
1.4812056459826253 4.942850747762074 0
1.5758052114321437 4.66216123379735 0
0.30220784098153286 0.23172117672373016 1
2.6787536095081546 5.347865532190318 0
1.0017591849324794 3.9950995909748306 0
0.39617028653499725 0.5041052187215171 1
1.9787945616345595 4.1465675935015796 0
-1.5075015932709401 0.02586934341549532 1
1.461823951160862 1.59775408136019 1
1.8117268688258643 3.5891906584243873 0
-0.2892933178545552 1.0606373897232892 1
0.9411958862176002 -1.427404304120236 1
0.706913310386138 3.983182294873932 0
2.0263738731325844 2.9314744278338765 0
0.25908891312539434 0.7699312752086107 1
2.8565169490217794 6.088536745622443 0
3.1818807956836563 4.0985483235737625 0
-0.7635897696070091 -0.3601248267682268 1
1.3209760690390375 5.224732335262518 0
1.4061224773250927 3.896035185286185 0
3.238111121899947 3.841864229983556 0
2.858164237007604 4.480286070804758 0
3.460556675331908 5.546544056274115 0
-0.3328366812199679 4.9243838832567075 0
-1.6069849824319264 -1.3272142695159452 1
1.5988129365494401 4.4940695363131535 0
-0.8345940998295376 -0.4702163439523746 1
2.122843928811084 4.315258254237389 0
1.7843321080614905 3.6908795606599876 0
0.5556021851740872 1.6982520658372362 1
1.343995652614875 2.557492143045253 0
0.23772014225521385 -0.770168028997953 1
3.2027809701147136 3.2287648132375715 0
0.8431244663129731 3.60705100292487 0
0.28356348244265894 0.3728257462588034 1
-0.48769690264239157 0.3923169327230558 1
2.019662871751972 2.5910870627464986 0
1.0598927712929105 2.080638269132775 1
2.928218421722258 1.0104868237636042 0
3.0761913441805753 5.745496101931704 0
-1.2262951425588846 1.7046868947340132 1
0.2025628657654739 4.656720004084757 0
-1.2858906226717075 0.6305542983612445 1
-2.268653319212991 0.2751875877211395 1
0.7188181638609976 -2.509707198280825 1
0.23597807614601807 1.319563159859151 1
0.5772398382540919 0.9506790526556479 1
-0.2759180930859026 0.6378942423367916 1
0.9216731415789494 0.7434853884373293 1
-1.9211901066222108 1.1787946902589241 1
-0.44035135872567005 0.3706991477484327 1
-0.2617597054020111 5.151296530117296 0
2.832852362668996 4.402781798399153 0
2.237935463601327 4.667495648194082 0
0.4218315146066183 2.615805293631071 0
2.7869856704930425 3.337268599547465 0
3.2549911608734154 4.62106070626997 0
2.6392078575546827 3.518936142673053 0
1.222752292753705 5.602731597674289 0
-0.4815644548357801 0.782740238469526 1
2.710888387451633 4.556021918887247 0
3.844890274165518 3.986684190410879 0
2.973063540166095 5.123953567772866 0
3.15389527301095 3.571975893330453 0
2.5023804750272665 4.616417489207081 0
3.5110054026303175 3.363449450620551 0
1.2346683770160365 0.8844921179872469 1
2.4395462896973346 4.23498040281555 0
0.7187094233190339 -0.6450490791599401 1
3.564173468542719 3.882830621267519 0
-1.1234410539494404 -1.329275870680886 1
1.8550186122609476 3.789876144706784 0
-0.7831235742456214 0.1445181835668533 1
-0.894840084166286 0.47521018122558967 1
0.7606456730125404 3.751708884351749 0
3.368689295742897 4.787169792559082 0
0.6103788863426962 3.762486603077064 0
-1.6069527446333787 -0.8203691942749978 1
3.2113871957547753 1.8513431079707319 0
0.011840511894873208 2.0429652721801776 1
-0.1530219975269204 -0.8136903817565896 1
1.4418697198760595 3.790253406911086 0
-1.2212362442309452 1.0249248546393448 1
-0.48204547006308646 -0.2188211929966718 1
1.9876289556831233 3.775823221083284 0
1.8224476678302215 5.363585023461569 0
0.5358017823792435 -1.8326672389971603 1
1.600824759015437 4.410200556106551 0
1.5367443469643256 5.8143341737658645 0
-0.7468370551562159 -0.32915999014375047 1
-0.15160095364999765 0.012576037762650122 1
0.7514030312760585 -0.1213275746863931 1
2.784786844899359 3.082120231120043 0
2.3968401472721528 1.322724276248977 0
2.9930746514753968 5.673230547039617 0
-0.3448588212919472 0.8936458565532628 1
2.6441657142794104 3.2601073469742783 0
-0.9984404778819655 -0.6290824531897019 1
0.5052348787695605 -1.3106538019282412 1
-0.9053466225938648 -0.4556906792052833 1
2.1714417544717355 5.514936044515252 0
-0.11359030077235438 -1.469967577214471 1
0.6406436499279291 3.802820864307681 0
2.769346146502796 3.398092951497782 0
1.2565126039132342 -0.6137689071785853 1
0.6984796726535751 0.593647317805074 1
0.5236087573565511 6.065168545688833 0
