8.448694003531283 -6.986267456859818 8
6.856228376482321 -7.373341789274847 8
0.2551224766499874 8.700332011574508 4
8.549198765775484 -6.779280416510335 8
11.15490589854993 -8.114391201931166 7
0.5277049570428076 9.176413916964359 4
5.305971858935463 -6.443195171983515 1
8.07961205041158 -4.45639140731888 8
2.086800920244657 0.5391160474218792 5
0.9175406055464905 -6.0041606058511885 3
-0.8862878970074615 -6.058762767728969 2
7.624713915930479 -6.656323496773512 8
0.2132559765425075 -4.270954734943461 6
-1.4546954286136906 -5.215766088052274 6
10.004511513125863 6.932634414624444 0
9.112801690800147 7.569430181427326 0
-0.08374879630147658 -2.771374650560139 6
4.021553683333264 2.8025171024895483 5
8.908878596585017 6.916694646078158 0
-0.6494098850861009 8.30613283238526 4
4.60395912353329 -5.41333991810596 1
2.686786240092865 -4.671884580063446 3
-3.406880524343429 -8.047943701834315 2
-0.307713585186969 -4.405624617993162 6
0.2009582595480968 8.514985876022621 4
9.483896475444235 -7.861830025028514 7
0.0553329982903199 11.165420982575911 4
4.4712299664814426 0.1231942943857336 5
6.922218572642187 -4.812235127828717 8
7.757755097180605 -6.679224328241403 8
6.585056720592789 -7.151974727781247 1
-1.2858642442810244 7.915119519402268 4
-2.1291075125886487 -7.4457413701078385 2
9.231821057280891 -7.031684682497801 7
8.634676255063368 -7.670661039182789 7
8.962595739932869 -9.402290327170792 7
-9.259671665422882 -4.583777583786706 9
9.53253550534046 8.584237622014607 0
1.6933511692434813 7.7334531015042005 4
6.188289725283676 -6.400651155906502 1
10.09211802341612 7.4894504126896955 0
-8.67849297875228 -4.247990560171324 9
4.603755612398007 -6.6128002319162515 1
7.078807425705484 -7.065415958980328 8
4.1200606140744185 -6.584344874060904 1
3.5921579985366825 2.3179761327138095 5
-2.904956164669033 -6.59007822454881 2
8.522933783982998 -5.847397127942577 7
-2.674608052650485 -7.577934133045609 2
6.885461724024333 -6.861889328939859 8
-2.9908233745863946 -7.941221169110123 2
5.546117775837744 -5.504490150435641 1
6.682597610739124 -7.066988541948393 1
-6.44671356579045 -4.048918299439101 9
-8.565732487483032 -2.6698215687921936 9
0.8063736137776225 9.371449235263944 4
0.504994115981235 -3.3680979380787277 6
0.7050218185127782 9.66967765616433 4
0.6504343033462692 7.182870962018828 4
-1.8885103158466048 -5.305727049677518 2
10.391708205182633 -9.014916729469338 7
8.6905052558526 8.061769654750591 0
2.4581475106195843 1.7174032100362262 5
-0.30054561251850714 6.81813415749425 4
7.946446801259988 -5.785153955207258 7
3.135213194315289 2.8676124928970785 5
1.1490169487660982 7.777596010719303 4
-10.02689434779379 -2.2863171706718144 9
6.821460964845657 -6.3826570707303825 8
5.050484676391716 -6.614415857610588 1
3.9228186134889618 0.2859725544340317 5
-0.37063755020893074 10.559112209349372 4
-8.49306948670782 -4.308174763578325 9
2.4074388679719916 -6.41315357489504 1
8.013604543771418 -6.308480318352319 7
9.230201182231866 7.02367135458905 0
-0.04561587610004203 -7.149964092627738 2
1.9217525655542127 1.8400889122422925 5
9.441444011645853 8.254851915649963 0
7.091776403469952 8.76512016773506 0
-2.8442896766156265 -3.5709072723373607 6
8.154417664484459 -9.776981394606599 7
4.800233576599807 1.212932887480092 5
7.615110021223209 -6.882903360359034 8
0.5383246789666545 8.35730232058361 4
-0.32594703679817594 7.9836682722595 4
-2.0586095981315133 -3.953163757697443 6
4.81551416030493 -7.518909358430451 1
6.370766000767626 -5.839921711157462 8
9.04246954715912 -7.412331968907111 7
-0.06586275884243697 -4.311002706334135 6
8.172463863215382 -6.121923539017149 8
-3.004418084914471 -6.654876186080374 2
3.0057137200148616 1.3190003832762125 5
5.279226146737893 -6.578857423575543 1
0.7798835915876747 -3.692070034466972 6
10.880144404842918 -8.118477276290761 7
5.300176852435344 -6.420154982345092 1
2.0653647561083313 -5.549942862330606 3
10.068736015556123 7.817241413368334 0
-7.6051955265486715 -3.36115041105491 9
6.854269817803745 -5.092247375800393 8
8.459606248544352 -6.537129141822288 7
2.9838262034817413 -5.031716046674572 3
2.963402372026637 2.347408450580784 5
-2.4700457636093813 -6.85372261843269 2
3.057595147599433 2.0183668414286298 5
-7.764515527717448 -5.912235047471418 9
-0.24824269781228225 -3.620305953487039 6
4.903951173315553 1.6464627785544057 5
-1.5464541229127389 -8.224648305923887 2
-8.571530085622426 -4.4418298511048215 9
-0.6563586197256923 8.923000619457301 4
1.7496243186006486 2.9535284186687543 5
2.928076974515936 -7.217625454173525 3
10.48068813592006 -6.7727393189798715 7
4.012863358003847 -5.920599414073532 1
2.521284330747346 -7.145023864745395 1
7.204638514172299 -6.3887419233956155 8
1.7017684120715642 2.342730181140583 5
4.276656212249875 -5.849928728535914 1
8.257409319689259 7.455140683620733 0
5.431001990843069 -5.780110001164464 1
-1.8574090137649562 -6.794632656820661 2
8.984943748609371 -5.4940674793380335 7
-1.3019308643051328 -3.5809248267953566 6
0.6883844294563032 8.858549925654243 4
8.826083784831745 7.2820447918570945 0
-9.111878489685836 -3.433739719269569 9
8.493922152067341 -7.129462032357705 7
1.5205025827339669 8.010899540072325 4
10.049678707370754 -4.7689537182876105 7
1.2416292519839776 8.752385676863705 4
3.3908195571758935 -5.523371651555559 3
2.3964524841953354 -4.467463698487209 3
6.152950608401259 -3.573723271445612 8
-2.566297836832527 -6.855936697599072 2
7.539116547047458 -7.750715198139683 7
2.7814140256352857 -4.912393175592726 1
-2.03604833163268 -4.293384351729502 6
-1.0727223707082678 -3.6226906042360283 6
4.91825374346555 -7.042331862006244 1
-2.573538735746733 -6.91939750134756 2
4.99015818185358 -5.466445414312579 1
10.015564382961303 -6.75788861117374 7
0.7735963303517286 9.810418545596185 4
8.033195967231649 -6.739203465767998 7
-2.4014914721848086 -6.541352544695748 2
3.9192857098751075 -5.677067590637737 1
5.098237874891242 -6.175149381869451 1
8.630303206890774 -5.4509236985277205 7
-1.466037608674824 -3.6545303092049477 6
-8.36579040151885 -4.606809434144398 9
9.07971513830025 8.210493084342017 0
2.229685566958706 -5.097116571726435 3
3.688916374049785 -5.648824077476541 3
4.367762991814666 -6.096504319457589 1
-5.144913762185599 -7.0161401206337946 2
-2.0737390525835995 -4.015654322156537 6
-9.056628149796495 -2.3072117442936744 9
-2.472926805245624 -6.67412711812111 2
1.7854362926162384 -5.856844166220937 3
2.9973368754064054 1.3390467566021322 5
4.629546642572801 -5.893023061987412 1
9.27470959419363 -7.989933280019921 7
10.282416979198306 -8.011872971871842 7
4.1202088369287795 1.0043355782766201 5
-0.6797505305268248 -6.465197388448818 6
5.684897391431077 -5.373240402819763 8
2.147891345216278 -6.276223628451348 3
9.45209342320482 -8.575550962454763 7
9.309672248613676 7.228881862573436 0
-0.22797466528849775 8.139283624018681 4
-7.9295021067433344 -3.0369007155944723 9
6.661323248368046 7.409483694796202 0
9.41378332936421 7.51031796271223 0
-6.634947589082192 -1.6390015337292576 9
5.156681595785436 -6.356216862907635 8
7.64854172707538 7.623092210074418 0
-0.01729070580493941 -1.9366233029068947 6
5.441655993604026 -6.6658604490554785 1
-2.7844102388436895 -6.780190166250672 2
-8.107803794327936 -3.429185273073391 9
7.402918119511206 -5.748558166333796 8
3.468919381022255 2.480582143264149 5
6.916054197488343 -7.228537251340792 1
1.6458014250572268 -5.398781546450492 3
8.87569819310211 -6.902035376999604 7
3.47200870325157 -6.16320849777165 1
9.968689161256735 -7.122408054261066 7
1.6315385080830946 -4.927845612242221 3
-9.850943987635057 -3.5782427683388143 9
-2.213248125772071 -8.144094933830704 2
3.2842043215457952 -5.37099209846776 3
7.832475117364129 8.503463665866233 0
0.9987230566891689 -4.889159790602019 3
4.905422286437496 -5.402108848800513 8
-2.0367842920740653 -3.07137271272778 6
6.075209059223089 -7.303831644907723 1
7.666702802875997 -6.76053396014732 8
-2.6759941387222916 -3.4573328912099273 6
0.9275962280193631 9.173310685778121 4
-0.08669586899702264 -4.090702959245499 6
-0.9420874087634973 -3.818547044774748 6
8.17871748012151 -4.571040449265208 8
7.560967272373291 7.227897769627124 0
-3.915043302137844 -7.926849050629255 2
0.2112287515515144 8.577637955353742 4
4.602060815138894 -6.014143882708159 1
-1.792305572954547 -6.930238658896179 2
6.850964543075476 -4.407592275378397 8
3.6526479426708183 2.1980704921131875 5
1.4708119312385999 7.3140504662256784 4
0.11008676293736466 9.163593710144562 4
-1.614439605891256 -4.222336898201655 6
9.363017491958056 8.413366367473806 0
10.026324354238653 -7.548988187742585 7
0.23568714545104474 -4.6319823184244715 6
-7.834252595202104 -5.0108969022621315 9
-0.22751294851637827 7.606709587637587 4
3.308008770014869 -4.514018013843671 3
5.0196130498840725 0.6184860134414718 5
0.09918356689004071 -3.3608101362054277 6
-3.693731050589406 -8.092596708489635 2
2.6660959213619893 3.181443983731673 5
5.063588555465392 1.8894349803533372 5
3.5065818949737526 -6.77389098081391 1
8.453271674842059 8.054571222670635 0
-0.9446558045307448 -3.170054491956998 6
-1.3509229341930447 -5.368801328067775 2
2.4972011474312086 -4.008997404921455 3
-1.9326877712158754 -7.328497478337186 2
-0.8811763562799695 6.221406871572756 4
-9.669181460494473 -1.7858094241140867 9
2.909952777744193 -5.303872843080571 3
-0.39058276420876525 -4.563341489305118 6
7.469831980179503 -6.736184640226177 8
5.738107727735903 -6.1255280012915225 1
1.9761300360035092 10.806101908301994 4
3.1972822643277055 -6.424978467136772 1
5.654483508038863 -7.069993820684235 8
-1.653349344859213 -3.6889093477848145 6
0.7345355168927366 8.36998475175433 4
4.388106996964485 3.1371432237983017 5
0.546127228050572 8.75016504080504 4
-3.4166098002656917 -7.075845341539262 2
-9.415295316487057 -3.387621097143349 9
10.08042201769818 -7.613525643540108 7
4.3296805745400455 -6.922558106146015 1
2.3800984225677833 -5.599380140674695 3
-7.195979078639324 -2.7501119780030536 9
-2.428550450891179 -7.376057946458592 2
9.407348133404781 7.751071459132014 0
3.9028114265386717 2.766208996205116 5
5.523543144110674 -6.413944038125844 3
4.207445900396592 -6.3623455890242715 3
8.02298003638217 -4.495984426511398 8
-4.691474775448951 -6.239553578447446 2
-9.470104359885184 -3.3399034363452467 9
7.1683068015102736 -5.3653537496281105 8
-2.134190755865725 -5.491542562955802 6
1.4907588332156279 -5.125759587866131 3
4.790509286324634 -6.695524725900909 1
8.112055248908332 -5.5997658576665446 8
-2.981470653082416 -6.74021567697747 2
3.8976935246573268 2.565262648870685 5
9.169188457889561 8.235529553643417 0
2.419556991447868 -6.725504371730207 3
2.265996354987695 -6.448594988676931 3
7.856079873864914 7.068947523312034 0
9.248198503803732 -6.057312368798749 7
7.429781718472979 -5.975398418891562 8
-0.4956404435642523 8.874686025927215 4
-3.2970865298149152 -7.132646954790027 2
2.005059517414948 -5.0605852625949135 3
-0.919184233076205 -5.622310932243479 2
10.78530296316047 7.997839657551201 0
7.5611407824922905 -6.552940895343153 8
-0.6103531093798525 -2.2749352476346405 6
5.2070387076489135 -6.6141620165072466 1
0.8432820582445292 9.649866794030522 4
1.2840444795664532 7.9226989711665015 4
7.914918295778158 -6.874904312631864 8
-7.65402656792147 -2.9623786686711844 9
3.6569033232758654 1.5280860557245677 5
-0.28909291366879575 -4.406867453856874 6
3.9096532439625715 2.436540300786576 5
9.605478768672874 -7.164197608623498 7
-8.251787073134539 -2.4106132376945197 9
5.031952362729534 -6.607846172390328 1
-8.32360192724574 -6.245852580823209 9
-8.831531282783935 -4.793266533681487 9
6.772551769706733 -8.130792348103087 8
6.251154597601639 -5.78075089782246 8
1.0430109036021604 7.841933737056835 4
8.487776654899813 9.129977291879078 0
-0.1946402586012832 -4.391110615856346 6
9.12849975189964 8.293289626981506 0
-0.5235763331080854 8.649661835192301 4
-2.884853035179909 -6.921745551460784 2
-1.2029521606959797 -2.522207635755401 6
6.183666900146385 -5.045516172549911 1
1.9557933991504388 -5.096467713661543 3
3.9966069266006796 -5.444719756822112 3
-2.9565257627339174 -7.1891651726089 2
2.883265397242557 -5.757131256507414 3
9.214183015820232 9.405580814991577 0
-7.129370835608716 -3.7637697359169673 9
0.2937295207693228 8.516321438858707 4
6.930842061234286 -6.666044799513341 8
0.12281813271959 7.219476621341242 4
-0.8018551187779204 -4.123318697697528 6
3.807397280462236 1.3154906298134943 5
9.183241618427601 -6.306180256746048 7
4.139246205170156 2.0990448337322447 5
-3.063240690827455 -8.755356466333039 2
2.138793620527748 -5.567046519079064 3
6.89802166948548 -6.132638110748511 8
5.112077946608845 -5.005662404115822 1
-2.2156856968044822 -7.00033120949753 2
3.254683041439622 2.192929540950775 5
8.797068924890663 7.523086089458932 0
-0.9999428666468719 9.875245488237864 4
3.9085734118529194 -6.122656393018399 3
3.508033597645673 3.452764762129559 5
-1.0046933069954744 -4.342889966740541 6
2.4240859651714883 0.9448819901929533 5
7.975361757929751 7.14005801621583 0
8.090226023777754 -6.680649655261631 7
1.8371280951336382 -6.075411305754713 3
-2.554712194865649 -7.230261840898628 2
-7.510643203583892 -4.253907310720132 9
1.323630287953261 -6.1605951372439955 3
5.396717628315109 1.079353504796861 5
1.4398842148445559 -6.443865259920385 3
-8.962812911802107 -2.7020924670489226 9
4.151841450448362 -7.59806329582465 1
3.4697021234800887 1.467296492793446 5
-3.3723258124281794 -7.130980745063954 2
3.999919088483472 0.1498745453603354 5
1.0616298774987099 -5.833241625332788 3
-2.9036801218502237 -8.592104270830001 2
-1.1328920277208894 -3.7709943273490194 6
7.3136396468509925 -7.183061300586925 7
4.545786744035622 -4.37404711470198 3
1.098274315811469 6.062853234310872 4
0.8455932573147134 8.402398886015852 4
8.5069322998004 -5.301752546312001 8
4.672739365381947 -7.287474344316221 3
-0.442437644520829 8.349918520986007 4
8.762909400471083 -8.161412003271623 8
4.7800623952177155 -8.402698725773 1
2.587774842754204 -6.335728862611163 3
-1.5846528605948629 -6.5151368609949785 2
-8.577256272202359 -4.362743968690165 9
1.2913570645824786 -4.885690580200091 3
7.697169218790682 -6.8135117955197595 8
0.11239504429644587 -2.7604174766300122 6
-2.2494795301331623 -7.577701786045467 2
8.596460051125655 -6.275729435642773 7
9.466465165953023 8.232180779507917 0
-3.902297781155387 -8.640838105123585 2
10.81537698278157 8.454475852579565 0
-1.5400538767881544 -6.933597345184097 2
0.9515862233196604 -5.4961999333812015 3
2.1594351078133345 -6.030416598100255 3
3.148306029307972 2.1808790545690764 5
4.16176423143421 4.15151429261892 5
3.371328414403221 -6.237093221299843 3
6.684667453515175 8.934704240271717 0
-2.4696801340724184 -6.207454369014754 2
4.891540709845046 2.7409755738239037 5
3.9679434660663406 1.9329291650928202 5
10.204688295030811 7.850004140104353 0
-4.400712115321347 -7.9709087870750075 2
5.947981758785031 -7.849283249453038 8
7.549095584349434 -9.092600084954059 7
-7.683922956612404 -3.0699137474227447 9
1.8395934920538064 -5.535447624653133 3
3.197274372867646 1.7432234335727734 5
-2.3774150075372966 -6.649415411769119 2
8.035031837828102 8.141698344743332 0
-0.111199486359704 -3.486005739952734 6
4.855040183028393 -7.152578086552972 1
0.6060418840128661 -5.370900966053947 6
-0.5748505505629382 -3.3500822174724636 6
-8.32767122257876 -2.8529222391464364 9
-8.143515582673306 -2.9900187854296028 9
-0.39403830068924695 7.866422802016492 4
2.937897816048491 1.8517304898502913 5
6.798126120027496 -5.315606640624564 8
5.937184265778608 -5.114966383517847 8
8.485137063398215 -7.393492746027521 7
-0.564760734338191 8.206813714717573 4
1.9309398299740108 -6.435606485906676 3
-9.221352159034979 -2.0908664129558225 9
-9.540207864319937 -3.1789926850522536 9
-2.3442200369594026 -4.526093694547143 6
10.147000349281289 -6.807789554595938 7
8.901082411375016 -9.047295329518978 7
-9.406387823434407 -3.023543607154728 9
4.988185735030706 1.6021858198200212 5
-3.80196918356278 -5.208519861304977 2
8.680987269232752 -6.601897381135487 7
-1.3537577650256991 -3.7367051625578562 6
9.083592370623386 -9.053465989140522 7
-8.438274006737094 -4.148558863853872 9
9.046815299749445 8.539280767829656 0
2.583098525029028 -2.8597638913055685 3
5.211641126921938 -6.591079439953049 1
-3.4255606921146358 -7.286730747551021 2
6.588065436439938 -7.01703672926433 8
-9.568333017747007 -4.941325082521213 9
-9.642267822150231 -2.2142621343181066 9
-2.342041745558695 -2.9041790771309075 6
-1.1309277411197245 -5.198141411342898 6
-8.533841462160217 -3.302520140787642 9
2.940826976606393 -7.039030263555503 3
-9.668669569644935 -2.1348227916935203 9
5.605445317847733 -6.986048509417535 8
0.7980016683178519 -4.837771261399768 3
8.692651358691974 -6.704334425385026 7
9.008285503837444 8.143611248972675 0
1.1775391431383038 2.3683821153712903 5
4.713832593730103 -5.742321477088225 1
7.351952850610012 -6.224856114989848 8
1.608385546643686 0.9837884829150114 5
8.094610011560137 -7.047868195445058 7
5.753745798758113 -6.238810128476766 1
8.449299145617287 -8.352684935244316 7
5.755315912884118 -5.308600388620065 8
1.6663396865782656 7.475580663838729 4
-1.915780728056411 -3.382751979894031 6
7.514892287324897 -6.445698814379217 8
6.548132772139847 8.601283264572212 0
4.013645305994454 -8.294362701457919 1
5.327087161236764 -4.780382936875223 1
2.1246363481169883 0.8789903053057639 5
7.808711443058611 6.476030384791218 0
-0.417049323331797 -3.608360466618936 6
7.18046464065574 -8.00599253889936 8
-8.534829517279997 -3.5305643837618543 9
-0.007027821339482682 8.679635366539467 4
8.343760059477466 -5.250942131055297 7
1.5403092215023682 9.750327974032338 4
9.750230324924267 9.265654376682116 0
10.395983080363434 8.005816076351048 0
2.655459991041457 -6.087824416548161 3
10.919511927939798 9.231991555059885 0
3.8583831879048462 -7.008606319494314 1
2.481300536507763 -6.0192897466497275 3
2.8482608331149346 -5.346066109921389 3
6.99270923258691 6.995357659098013 0
7.462749725750497 -6.127291251463567 8
-9.340994655401513 -2.477992964220532 9
-3.866436512359611 -6.263475637509224 2
-9.724827526083846 -5.151423075793702 9
5.871854942154399 -7.1179465482561515 1
6.895790518441125 -5.7998313982052805 8
-8.794215443724926 -4.112168872680984 9
-1.3060310114286975 8.004624083400966 4
9.097975448329857 -8.598722492703438 7
1.5631861112872063 -6.5755609943999875 3
-0.10871813582595846 -3.1148229641154614 6
0.5919022612469578 -4.3761816660687 6
-1.4232950595677991 -2.770323441004858 6
-8.698197163312345 -4.612923720018851 9
7.73978484505726 -5.416607246474135 8
-2.8715316228526597 -6.791088454553481 2
-1.0620346376736327 -4.968584539442166 6
8.671204960846595 7.409287146996787 0
4.8726846051028625 -5.798473539837854 1
9.1093114840601 -7.534267942499626 7
2.6787391219447323 3.382521303552622 5
-8.675488798304434 -4.025361094804247 9
7.718049834771136 -8.011354590230987 7
0.9118288593639132 2.467392764151738 5
-10.49630713376627 -3.3502245619767943 9
-10.29282677734523 -1.7566703751995454 9
-5.760016508432483 -5.938791091064069 2
10.880412110582512 -6.664527081989343 7
4.366930929080391 2.713781945433186 5
-7.392925409560231 -4.108226787530179 9
0.3459855275796867 8.249189574255425 4
9.004922465643128 7.471840302696568 0
9.793285969278166 7.648546654315732 0
8.365099568392598 7.8199923788037955 0
-7.428629058165465 -3.833188205989337 9
-1.8402796505262173 -3.278830376017617 6
8.145351323136858 5.7976589200727275 0
8.681818399429131 -7.4712342463735615 7
-3.5601678248811863 -6.757778661852039 2
1.2997233880791579 3.1179024274341387 5
0.7893717584764006 8.457569883155731 4
8.672808779111204 -6.933788698634321 7
4.541231932990785 -5.028821980950191 1
9.550723101055222 7.076985376783847 0
0.5309860209336466 6.831297313833857 4
7.610342263404021 6.954187335864225 0
4.791538297046683 1.9407339567721498 5
