-0.552198243652231 0.7464102746699799 1
0.9547976733279158 -0.17808053888732436 0
0.8644730424795745 0.4848974136765389 0
-0.8419640244409415 -0.6069340290115441 0
-0.008334905339260665 -1.0587306265904708 0
-0.12977428705309405 0.8036013268353995 1
0.8291479244693523 -0.048023994477904244 1
-0.0016788383785804502 -0.7951412025343019 1
0.9374781685501096 0.334436692454731 0
-0.730953163914181 0.5095469834734594 0
0.8069175930306831 0.6100597216563841 0
0.4665903668405226 -0.8082814774542763 0
-0.7859839362269054 -0.18107298837818664 1
0.966979192279103 0.26270348626246215 0
0.20231126608658645 0.7708354863599839 1
0.5934270980788894 -0.8810425812421354 0
-0.031498850683441555 0.9257143949378391 0
-0.5441892675446702 0.5590975682852718 1
-0.6846534243347806 0.27832763398260596 1
0.6486281753666414 -0.8299826658228252 0
-0.6717488742764517 0.308354327392707 1
0.33610680167323465 0.6406200408970747 1
-0.2713195778563454 0.948472694192794 0
-0.6321656900700406 -0.5609715707502829 1
-0.49037966968304725 -0.8350214942888387 0
0.3012672032490604 0.9020722506677984 0
0.00028074318584686564 0.920231020015 0
1.0176733776174525 -0.36374859894616896 0
0.9619333716964829 -0.33977973285983515 0
0.27311798677897714 -0.6836600128400423 1
0.0851417286466015 -0.7510748843327487 1
-0.4215370015227082 -0.9518627789546301 0
0.7002198115365705 0.27080036950253455 1
-0.08475283032043751 -0.8149112644933945 1
0.8159482661124965 0.29002130522710085 1
0.8800100120788962 -0.18910170648672908 1
0.8019666855501172 -0.08430696691936652 1
0.14627036978964747 0.7515365477798078 1
0.8058567348513697 0.5640336991748243 0
-0.8373368593989682 -0.052734599492088495 1
-0.784894233278606 -0.763714102091409 0
0.5814709808642567 -0.6536485430746518 1
-0.8116528414378278 -0.4858049084730661 0
0.5836854100565192 -0.4894032669667369 1
-0.633807733567492 -0.6967074192693328 0
-0.8393189975251348 -0.5343143827769442 0
-0.975001519073577 0.0328471546219661 0
0.5210611264291779 0.42736377490716826 1
-0.7193014329987382 0.2728931104512569 1
0.1532921034136048 -0.8675947023642102 1
-1.054105349965254 0.1902330571822025 0
0.8154183850606327 0.3625034737323868 1
0.7729329816294233 -0.24001755154978968 1
-0.0775237968622492 -0.7457860193772381 1
-1.0055685161090533 0.3194834104250691 0
0.5702119999349989 -0.8284446394612749 0
-0.1857798070638484 -0.7786563949061581 1
0.6852140173966466 0.5404614701523607 1
0.022774528560737913 0.8026380347553292 1
-0.2907994369349401 0.9556625505311825 0
-0.7385179575327885 -0.20360281479488726 1
0.7366201601651398 -0.245108817140388 1
-0.3344787488965313 -0.9754026484276572 0
-0.9950478272723517 0.06149768988835597 0
-0.40949931821604707 -0.6817986788221405 1
0.8810809716896655 -0.3652476042419151 0
0.9120902580118976 0.19782844589012924 0
-0.5326523908509415 -0.5375289796609479 1
-0.8392615558969021 -0.0830262982066008 1
0.08513116761758509 -0.7883895281934641 1
-0.5332765973371768 0.5369233959408718 1
0.3917679329376742 0.873533401958742 0
0.7109795436118889 0.5006344449323482 1
0.5488507755202133 -0.8524795747162401 0
-0.6965226947520149 0.5344611716339028 1
0.07269318535613256 1.0495097957936748 0
-0.17762023090430193 -0.7477386312214109 1
0.04686624919397287 -0.8138595332743698 1
0.47276122433944584 0.6593287469544186 1
-0.8028739552702635 0.30554028167614505 1
0.26026045246914603 -0.9659340673404786 0
0.5501307625883531 -0.6196661331225323 1
0.5344670317195527 -0.5094878323183635 1
0.015256673543082326 -1.0037468003811194 0
-0.7958047196265832 0.3939513639329559 0
-0.8133039708845666 0.5793790486986834 0
-0.35136601005965007 -0.9004131161414625 0
0.3220016144614517 -0.7397549656922278 1
0.7747514966421826 0.10671966835501101 1
0.6600559456601465 -0.5296650027032536 1
-0.9705953662999987 -0.37145256680465905 0
0.5394047498930891 0.48219349683282703 1
0.8141022066094419 -0.12382185049628387 1
-0.5881595728224801 -0.5054626568813889 1
-0.9200270695895963 0.32764409931920147 0
-0.4562896101827408 -0.9185719007407337 0
0.08654358801611321 0.847676554200579 1
0.7868194640011511 0.07715327722008108 1
0.7674376291152921 0.4652797764243271 0
-0.4268212194959883 0.6606985202772016 1
0.4655101319941619 0.898045734247149 0
0.34981614144106304 -0.7183141978311013 1
-0.7633534367248609 0.7870999272419554 0
0.8063790923039078 -0.33135139308429934 1
0.7677051056023083 0.4413548746336652 1
0.4155013165561586 0.7808078860920968 1
-1.0127817729999027 -0.0014979348280673571 0
-0.8055944618524864 -0.4177231510108535 1
0.3490946228750217 0.909232356988263 0
0.5342870977432284 0.9454525373672055 0
-0.9895395069045944 -0.21344070638921572 0
0.3155050903053094 -0.9646880618105916 0
-0.9271491584756203 0.12089593711988494 0
0.5972274213723046 -0.5637944545054004 1
0.7076708637475008 -0.7946981149293102 0
-0.7807058454980584 0.6663894402267314 0
0.8781611633395291 -0.4907764853341152 0
-0.822908419614656 -0.4533768241594873 0
-0.6553343819601234 0.594611613105617 1
-0.34779916693778207 0.66784550803126 1
0.23870286328647 0.7421396971116555 1
-0.7445370514990479 0.37887558433212054 1
0.16300647575074728 0.7656115356904769 1
-0.9533064041557575 0.26294268926236075 0
-0.970890507570253 -0.17674821192435078 0
-0.9524695983860398 -0.10837641842046486 0
-0.9685271359721908 0.2624552670878913 0
0.44696125573698187 0.7975202121970713 0
0.8064646474415739 0.19768359028956511 1
-0.09001832864825064 0.9515230887472603 0
-0.6541309310128675 0.3611594662987574 1
-0.8913457592310936 -0.4009768566189754 0
-0.13671220785894383 0.769760366740684 1
0.2425482467061423 -1.0137140496493044 0
-0.13680214318996822 0.7593830845716906 1
-0.6161186880866308 0.6757972617441388 1
0.7058201572034978 0.6899120442096099 0
0.08048631712501304 0.871398831956707 1
-0.3588890341662576 -0.8477783750028564 0
0.6220867680603231 0.37347064699687754 1
0.92874097180679 0.022488421667848577 1
0.4326414925846211 -0.7127876015915836 1
-0.8262484987734043 -0.4135243159124004 1
-0.6068809271291393 0.7550833277097466 0
-0.17140448535592917 -0.9225220968586437 0
-0.3976213729564139 -0.5923929829738993 1
-0.254657718342974 -0.7164510912842039 1
-1.0809490619516913 -0.134722767738196 0
0.7430374191324007 0.018355039558793147 1
0.17148381728750633 1.0189502552517071 0
0.6064249681560528 0.47503393178079106 1
-0.33723157695898165 0.7890713531300695 1
0.40065678462189025 0.687401747721499 1
0.14577261932697766 -0.9803712226365922 0
0.2805151251441014 -0.8006763528172858 1
0.5854714809837437 0.48627319404612696 1
-0.8125932049586562 -0.6954452867429006 0
0.537491570678017 0.5858786416147949 1
0.8984537485263298 0.5030083220500581 0
0.15396193118039864 -0.9604758451095686 0
0.1824478962368567 -0.6967167934869142 1
-0.3049771535415447 -0.9265943158528782 0
-0.4325282220040157 0.6793419779372 1
-0.7602916889942513 -0.2429828533161439 1
0.71113497909727 0.22187161987250875 1
0.6069903337361238 -0.5208841186839966 1
-0.49607822909972216 -0.6036236199000021 1
-0.6217803772311122 -0.7308451347647504 0
-0.8444596728849026 0.3432589602116037 1
-0.28601196914654214 -0.7764479995254968 1
0.31711690220981537 0.7158673105694439 1
0.9683299783810474 0.24739981288475338 0
0.5158100803911727 0.559639775037326 1
-1.0072505774545393 -0.27580818520079525 0
-0.03188984708539803 0.9486481113522679 0
0.9238709690605155 -0.27097894020983215 0
-0.7038089332483755 -0.6975366883325967 0
0.5221730731059656 -0.5548620556149014 1
-0.8008103988705348 -0.06897379198390968 1
-0.2640839651673876 -0.6758494213310866 1
0.8484952931195644 0.5460084893457511 0
0.13214221429335174 -0.8066041929470431 1
-0.5424941015009825 -0.4913172614693845 1
0.7402698110830663 -0.6851096452512089 0
-1.034003060767236 -0.2681474047233485 0
0.9856827108319419 0.35832426248734506 0
0.5376988664445891 -0.796260278768423 0
-0.7545361900415697 -0.23437666974011923 1
-0.7995140756006026 0.6828986343453264 0
0.0004920402155506268 1.004847296733058 0
-0.7919229135313057 0.4514570770851515 0
-0.3415893032876345 0.7232499660358424 1
0.7120115110398262 -0.005037157361794324 1
0.27274131583134936 -0.9662052607816914 0
0.8415604167969126 -0.4708406362330493 0
-0.4156622491962913 0.9059964915955752 0
0.2661399364062505 0.949003392050356 0
0.6396722583444517 0.8341778002955664 0
-0.819773488070201 0.09019819322377229 1
-0.45814746452009625 -0.6389277429156945 1
-0.5909288989537032 0.2915900097853548 1
0.146607082738284 -0.7744157919533255 1
-0.6141134860865909 -0.4593809638725095 1
-0.5378265588419735 0.9654491909896612 0
-0.4296300334500676 -0.6127616414763398 1
-0.8094923400735077 -0.20336103521916488 1
0.7364790991233006 0.7099886180436402 0
-0.8644619687844299 -0.47223123328188826 0
-0.9944033059392519 -0.029539202269125122 0
0.098009346650432 -0.9806695633052119 0
-0.22564120697600426 -0.9143590015818844 0
0.5934819518940677 -0.9839300767871099 0
-0.7322700007465222 -0.5582988541113719 0
-0.4734024496001858 0.8582157291762488 0
0.8148265532742833 0.027505343533620483 1
0.931199854658887 0.45253220512193176 0
0.14607315314569055 -0.9723211327733593 0
-0.8054918854285599 -0.23480841606329916 1
-0.23623380078904463 0.8502493173239549 1
0.973049504871812 -0.15935215751397916 0
-0.940076093785259 0.053928479449040174 0
0.5694435424942428 0.8107490113240946 0
0.7440760849242408 -0.5557441625678841 0
-0.7300365909770468 0.28214756305240535 1
-0.5537634500070969 0.8952417272230799 0
0.1391200294128616 -1.102412032969036 0
-0.8064235771597447 0.11191327293280708 1
0.5723713474004671 0.5668122924337888 1
-0.02176870758992553 -1.011507095974053 0
-0.7948531721239585 -0.23827945984815982 1
0.024237287504431722 -1.0497856266429195 0
0.09957104309246916 1.0356384389905424 0
-0.619445847694263 -0.5522828316395233 1
-0.43438092968734143 0.6481029593055445 1
-0.30386729129044654 1.0095466492262664 0
0.7492963343131667 -0.06741603481961149 1
1.428870717759545e-05 0.9214622181150015 0
0.9035872725520183 -0.45256806209327827 0
0.3572781794719667 -0.9942146722739507 0
-0.8836537292512785 0.52735631359303 0
-0.6951659090610411 0.7593601737792688 0
-0.1286154013751098 0.8269433207950307 1
-0.3308213256368123 0.7647511071978438 1
-0.46739240929873566 0.9002981880791538 0
0.7560704941464017 -0.31832983557693906 1
-0.3613862465667067 0.9114536884923534 0
-0.7948729663428732 -0.2303534488705503 1
-0.9039880313491496 -0.5003370265028895 0
0.16046564305911565 0.9508716991370233 0
-0.7278089486660867 0.7110896431278291 0
-0.40373366081643663 -0.854504042539704 0
0.43453912594296834 0.7009708948767339 1
-0.08880684726004562 -0.7410313584872154 1
-0.967005278961927 -0.19579200153503934 0
-0.9593231978217269 -0.08283177331751362 0
-0.42187592847550665 0.8830581612694604 0
0.8649288545367929 -0.3523407446432375 0
-0.213817833514746 0.7469229987857864 1
0.27872869871084 1.0569625113800445 0
0.6617441507255329 -0.7673952054434336 0
-0.6498865300775356 -0.8162004460841058 0
-0.4976296781713735 0.5450800073180265 1
-0.7447400100320086 0.16364215861288647 1
-0.9423638463328625 0.4506135999053216 0
0.3201444008145119 -0.9579446319637202 0
-0.7117539898586037 0.6088069201789632 0
0.6859440998038151 0.03651915597306889 1
0.9901405160673764 0.2970031090206374 0
0.7175500394567461 -0.4517469904086553 1
0.48704678658882083 -0.6040766048907529 1
-0.3445241193218386 -0.8002182020308457 1
-0.5776564785520014 -0.8923947516218921 0
-0.27710328579739807 0.9812663026596581 0
0.9798624136751193 -0.03534566021975832 0
1.0453615926406747 -0.22135922311069872 0
-0.12851828705501994 0.9646850271303926 0
0.31598823256566166 -0.7099572473170797 1
0.17891089524315645 0.7630058593301543 1
-0.7853158652869979 -0.08075029113700488 1
-0.17445680189557383 -1.0462203759088484 0
-0.21646370746818133 -0.7199498671128652 1
0.9124557669473459 0.03668045796221481 0
0.7986325285724343 -0.6181844778153611 0
-0.19150546908169816 0.8210271472173059 1
0.6469770952757519 0.7467127824674766 0
0.8750635321219866 -0.339435638293627 0
-0.41685780303191394 0.7118607982793381 1
-0.8949869756791957 0.06711794766293952 1
-0.015033637133476753 0.8369920660928782 1
0.2233676792695609 -0.731851401371762 1
-0.6113818239901807 0.7441789375282896 0
-0.2647093020672727 0.7228804011094322 1
-0.6403161424908118 0.4712232343493944 1
0.940580717486724 -0.503178841281512 0
0.7384496922370521 0.0789175892870633 1
0.14862713246928635 -0.9715983419029084 0
-0.7999237879724478 -0.41177194191174693 1
0.6747549331033845 0.5720433116046146 1
0.39122757267479 0.7488390648893747 1
-0.9166558198377045 0.32956610315632484 0
0.7055708215273933 0.05259547990977275 1
-0.5974384359855816 0.7686501654692504 0
-0.7380137310595164 -0.7137843839861616 0
-1.0071521305997062 0.008064566478386773 0
0.6294794559950513 0.7264709375132752 0
0.9379620692940518 0.42252981273038726 0
-0.3334662896216524 -0.6953840336937028 1
0.822967459791281 -0.21023935700847582 1
0.11099952727608059 0.9065184209232959 1
-0.7167283713106093 -0.16075210526582928 1
0.583778027761926 0.6001064585876288 1
-0.060892043387934275 0.8123853763126756 1
0.1823031506324863 -0.7841249215837451 1
0.5223118784458752 -0.9038333873462451 0
-0.2587628612060815 -0.8768390363447482 0
-0.10974263349622704 -1.0232406106829688 0
0.7133567286310125 -0.7865854065533747 0
0.32716528380161264 -0.8658470000760184 1
0.3654436683844558 -0.7360275863517785 1
-0.9135493574816085 0.4594424637319856 0
0.03281085921908662 0.7367234528498838 1
-0.5294566507590711 -0.9345622726743205 0
0.45665089077457033 -0.9076019807323806 0
-0.2904885512957837 0.931706603130051 0
-0.7856273902584886 0.2990109802205494 1
-0.9165311652329375 0.4118608954728683 0
-0.7977468731944858 0.09987735234960834 1
-0.6486099434258384 0.4762818224729207 1
-0.20293959447871132 -0.7426660316864093 1
-0.7477337832732005 0.42716189455142284 0
0.7217977936152987 -0.40210414963379537 1
0.7494178534039162 0.31313650132764176 1
-0.4795678880914852 0.5388505813203237 1
-0.12753333488356805 -1.0254741087902193 0
0.6941147407208758 -0.37508413059536955 1
0.8807327564058832 -0.6448349758840655 0
-0.13147981621514848 0.9749515183763438 0
0.675826113377047 0.48768729126892585 1
-0.8252433724890224 0.4303289212677553 0
0.32561034862003824 0.9825160982402888 0
-0.4578032794258482 -0.7080584797628771 1
-0.6681782753196172 -0.5165977167032078 1
1.0482462853977799 0.13345105600473112 0
1.0021038317714255 0.04310318548110832 0
-0.6836984248421847 -0.3859226890102667 1
0.9195843775042605 -0.16026853439638153 0
0.3068607205961366 0.8264963541454907 1
1.0277701178253669 -0.04123177051606228 0
-0.6618794433371306 0.2186357273977029 1
0.4740081146241969 -0.819139788304874 0
0.31009100849875687 0.6025230839736917 1
-0.3206392401032363 -0.8426032378139917 0
0.8274329773052566 -0.5770953851840818 0
-0.8701887588185642 -0.02754161000764159 1
-0.5443860628373557 0.5041692165994098 1
-0.22378222074252002 0.8663504969356153 0
0.9859495632408624 -0.02118799645701795 0
1.008789501795711 -0.14863452464950364 0
0.29185752752417465 0.8168426128884608 1
0.7509646680054782 -0.24188394827050108 1
-0.8058599365377297 -0.05650149558553108 1
-0.819751895852218 0.04262928776602801 1
0.9492899598384841 0.1039924448861557 0
0.6685042146884868 -0.38653621267032723 1
-0.6166139666516705 0.4594826232548156 1
0.7238332330973601 -0.2456957959193689 1
0.7232176881239679 0.6332552804829742 0
0.4632622006057575 0.850734892779417 0
0.9217324722584099 0.4873963596381716 0
0.6389559026580932 -0.733678329093991 0
0.36505390193689047 1.0047664929071451 0
-0.8830582391772862 -0.4162379908309782 0
0.951441223148245 -0.16492327713375107 0
-0.6615604585354105 -0.5037759040475455 1
0.6477722543296052 -0.39651612174888307 1
0.4184644095831667 -0.5388160022721955 1
0.022894974059446835 -1.0127831145127213 0
-0.041716677560821945 0.7450951256135303 1
0.5142638054634043 -0.6138134713950216 1
-1.027749009693021 -0.41453656506347886 0
0.18658996735024186 -0.8633030878925826 1
0.2692526602648925 -0.9998763432404422 0
0.7274536620320693 0.5177607596786167 0
-0.9361803635733293 -0.052744824327880024 0
0.030532775225981343 0.9255898667234135 0
0.24440598350605325 0.6995693619849483 1
0.22476695587967077 -0.7404454418303097 1
-0.4226368907824482 0.7512028896391939 1
-0.381773169610047 -0.8138997386235215 1
0.9967268319777569 -0.3900229657578554 0
-0.47495371574665357 -0.5350807527027882 1
-0.7151087447331831 -0.7705559463926801 0
0.6760643913793125 -0.46302104015436135 1
0.5472932232049881 -0.6905877093735407 1
0.5257399642253617 0.851839527832587 0
0.4973052653613597 -0.6679033119419431 1
-0.8752423176368993 0.4315372686958852 0
-0.6164804055521916 0.5473680235069208 1
-0.6057141193750384 -0.5377392915819846 1
0.6427822441327791 0.7712561143976695 0
0.9255927095323407 0.3786041177280245 0
0.3851072431055 0.7014144361647202 1
0.50013970834962 0.6405241684420238 1
-0.08228354377850543 0.9981730699966449 0
-0.699161741903439 -0.7201071930606457 0
-0.5030720785382506 -0.6070592505862956 1
0.2828656306849491 0.9066939386636771 0
-0.5281674185930625 0.8971978211094217 0
0.2520725013551552 1.0166203534115472 0
-0.7917332122208488 -0.5883069658564849 0
0.7460842500677305 -0.6733948374932421 0
-0.7021730354505253 0.6732949154598343 0
-0.6836910881969216 0.6632361273990199 0
0.5724272308493212 -0.4073683564429058 1
-0.594551471899168 -0.8064172990058854 0
1.0480704073081757 -0.0038039999936491653 0
-0.3197173172825375 0.7016897909610873 1
-0.8860610967695247 -0.2221452689689012 0
-0.8564672008357319 0.5879254452908426 0
0.7279685966921166 0.7609233602229684 0
-0.7879918963506141 -0.4332521928214401 1
0.540985238431234 0.7662949541129824 0
-0.33162214445256377 0.6819851553983867 1
-0.9747792433565968 0.264905494112936 0
-0.8155083728576216 0.34021594125077814 0
-0.12590593231376707 0.7589890460026513 1
-0.7851838067647646 -0.17089683053252347 1
0.9248936599908794 -0.10718732537279346 0
-0.19641560852860238 -1.0566575742701043 0
0.7100522131901815 -0.43646023930920214 1
-0.010841690008336444 0.7252024309980875 1
-0.3369040466428195 -1.0037269393181945 0
-0.7786473296449091 0.19471114625602748 1
-0.3079646661692024 -0.8887581651293217 1
-0.8348888619487729 0.12322205431658345 1
0.5835607837113638 -0.809709841340146 0
-0.33593989219802944 0.9274936010215854 0
-0.012696677027346781 0.7556491659583439 1
-0.7789976655377298 -0.31368041489816845 1
-0.5236838995321076 0.7358515784082384 1
0.6272248290258724 0.47236919760053536 1
0.9552295507576697 0.16374335915183402 0
0.7679319680581933 0.14304105216363022 1
-0.3216398819081191 0.9556199487841609 0
0.1842251837502416 0.9580021115583148 0
-0.29932065476630193 -0.8282047693070601 1
-0.277959555503621 -0.6932629125091 1
0.46062837942993573 0.5872470694747899 1
0.6333689811877973 0.6862887054472532 0
-1.0119041803786128 -0.24011434419762923 0
-0.006509959657052811 -0.7362011299121703 1
0.7372635785633068 -0.6569758217573978 0
-0.4943002972564044 0.8844182731185478 0
-0.4723661700834501 -0.7097926560048451 1
0.34602471782069766 0.837042258778764 0
0.2785923859207026 0.9129957300933789 0
0.46846921915403644 -0.95580451964019 0
-0.6987724838570368 0.5046097484781593 1
-0.7295880432862314 -0.3422635656617207 1
-0.05999857260928461 0.7850403342976804 1
-0.7618105779745948 0.09362750323264396 1
0.4901584575008545 0.8083956568575102 0
-0.39047094795599746 -0.7257575568325418 1
-0.9638322625644702 0.203926619166778 0
0.7395285905794966 -0.22794381400876013 1
0.9585248756652484 -0.1762430863211037 0
0.7336886136342213 0.35086081531990654 1
0.3796589831129756 -0.5853202464803269 1
0.9207685011640928 -0.18600187916431093 1
-0.9695509323983754 -0.25538023454801584 0
-0.7841732048587409 -0.6232287074130118 0
0.5166534303743414 -0.6115489659272296 1
0.6788602203046122 0.4003279114813968 1
0.797313527708859 -0.05220734780579703 1
-0.7217449789210159 -0.8308158005783569 0
0.022350615365121052 -0.7220578052654885 1
-0.7642343686133612 0.27523926181604347 1
-0.09797197571039393 -0.9485614547112073 0
0.8982695209620194 0.32300134286579407 0
0.2283190922965079 -0.9877722731316912 0
0.3213985705042408 -0.7487038294994367 1
0.7080771181699695 -0.41196588408259477 1
-0.665680255475876 -0.5354400978679594 1
-0.15421088691287899 -0.7544032855021727 1
0.7744275499754579 0.6497227128236324 0
-0.052538798658232196 -0.8078763013047838 1
0.9010686829915857 -0.41692555656829383 0
-0.637756710279103 0.3728540674985062 1
-0.5794093616584747 -0.788963765636451 0
0.6610480422930227 -0.6546624008447925 0
0.741439907614289 0.23195457357527968 1
-1.116930296847811 0.00548774098637568 0
-0.49781363839965737 0.5924739619994281 1
0.7594923719264827 0.046877572997903016 1
0.7666235984832159 -0.17444109264641222 1
0.14210780687599134 0.7543070091967792 1
0.8333070548310753 -0.08880135773397797 1
1.0346497000007222 0.03410086823299019 0
1.0769109684284397 0.026484448823489326 0
0.4385700150370437 0.5869827594558934 1
